WT2U_ZT00	WT2U_ZT04	WT2U_ZT08	WT2U_ZT12	WT2U_ZT16	WT2U_ZT20	WT2U_ZT24	WT2U_ZT28	WT2U_ZT32	WT2U_ZT36	WT2U_ZT40	WT2U_ZT44	WAKED2_ZT00	WAKED2_ZT04	WAKED2_ZT08	WAKED2_ZT12	WAKED2_ZT16	WAKED2_ZT20	WAKED2_ZT24	WAKED2_ZT28	WAKED2_ZT32	WAKED2_ZT36	WAKED2_ZT40	WAKED2_ZT44
FBgn0016123	29.8156671639883	26.9232763000895	20.1510168791527	19.9352925520226	23.7280137166074	27.202597624913	26.9475331333197	23.3203496953257	21.5974316658336	20.8913172042638	22.2620207062574	24.15652175203	39.5896853258577	28.4310249955152	18.5250067832057	37.7405095929294	19.999405581448	26.4778608476805	35.1241904548345	28.2832577199542	19.35869382158	18.8065821802882	22.8224326688877	22.4959414426427
FBgn0031800	14.3757632752989	13.0863996803559	10.3867473699533	8.39023136863994	11.6353089235963	11.3198715667389	14.1206945236858	13.5141628518524	10.0418197853491	9.83133296000449	11.3641993315129	13.0988913832979	9.70337785047733	10.3562155040634	6.1617922275138	6.16452156775085	8.48804348986904	9.58867515699193	10.1168118243266	10.9765791824232	7.86365642096068	7.96150229434661	11.2530461858879	9.19906491408316
FBgn0033924	38.0333356503095	36.8276150959649	34.108162216228	33.1833307378365	35.7345059100593	35.7640732306797	37.6176509522719	35.5399750219989	31.6585725115934	34.3238393339005	33.6898857088557	36.2037390801831	33.19582761101	33.6485965046743	34.1344592276984	32.2651885199453	35.3874326349797	33.2359855321025	34.8695220842978	34.5051347320638	29.8665524648505	34.5504177134216	34.2527038005621	33.3764436010172
FBgn0037726	0.493557909256375	0.26411004588113	0.190643750133144	0.105557522790424	0.136439296832891	0.281613984595981	0.226691985462729	0.22904399051385	0.153533528968949	0.161591039089626	0.207864457418047	0.258214196678773	0.165281736140128	0.142566412132533	0.118704833821388	0.21199894868109	0.224920731745544	0.207341659294292	0.115126731013259	0.137398131319164	0.0814080132621054	0.157015542575079	0.153298750344612	0.140197712243281
FBgn0086673	0.999467782485264	0.773080091563643	0.458889913317986	0.325205608361313	0.494122594210361	0.695758106877744	1.14936890149051	0.582344792060519	0.302727617684402	0.208075038111398	0.487674232601995	0.595087340408247	0.592530878368499	0.426860652247673	0.37257673965913	0.176622254554886	0.515679476677238	0.337279021486626	0.582050111931615	0.612498662525246	0.496137665555545	0.433430521967007	0.456755540880224	0.361875802946806
FBgn0030087	57.9717453048985	58.5271804108108	55.5112443732564	47.5227723337999	50.0983446078635	56.158720731788	53.9133643988285	59.425509094991	58.2975736207912	50.7481081307096	49.4625903832225	53.9484932705367	52.5970443819377	53.2836852888242	54.4934471042522	48.4245090885686	46.6781168888677	52.6672896259835	53.8052092875602	57.4005673018649	59.5612114661057	46.8586606350257	45.5691746643363	55.1966421351565
FBgn0033982	3.22269409801603	3.18875527250494	2.25031218410155	2.34636085671732	2.06063473447358	2.40122443745526	2.81542456407557	3.442887504862	2.37171276542397	2.2390995415085	1.86212904480154	2.31302870778919	3.20633598480763	2.98761352872961	1.90592954524952	2.42423211871402	2.00124860959939	2.04837594380058	3.17083145454615	2.88646089200337	1.82562191228401	2.33525004235436	2.21510888426403	2.02376888423228
FBgn0030634	6.71138711066523	6.80695994538996	6.18199498199603	6.02007747164138	6.7523529555053	6.88130557239426	6.60847618335544	6.34768296078679	6.02619101203127	5.72988633506582	6.20797726861652	6.44487544470152	5.52191254831791	6.24553090187079	7.64616595405621	4.9453980106064	6.08070582916731	5.98537055540944	5.85781043216501	5.48845796302096	6.22894646929746	7.08532635870042	6.39809367757723	6.49210997035646
FBgn0036727	4.99634484767811	3.68913621086568	3.08044446556367	2.68594672090324	2.88395637133686	3.8677851629262	4.53549565655358	3.72998495000878	2.62031011223441	3.35115072218429	2.89659661339483	3.82274746487735	5.34408051744722	3.86949373377353	2.24082962766792	4.66804215684411	3.18581690391339	3.47785901280704	4.11503476644512	3.48276518708615	1.63908530683757	2.27061649229403	3.01795790906186	2.5072829875013
FBgn0051235	2.70331505110539	2.09520083066482	1.96339097900325	1.93767255022017	2.42072961551048	2.51123783425146	1.71207115839505	1.96503126015119	2.00215355359148	2.51828988712659	2.72023853200437	2.10772692906514	1.42984305745194	2.03158936888644	1.4941795871377	1.45577623845833	1.73600373626079	2.32932017955689	1.66465398491813	1.68436187621834	2.31853883364165	1.77086334464788	2.10114766744721	2.39573840853138
FBgn0037602	7.98371400511857	6.61570097326583	5.04266910195382	6.12909457787692	7.46205462394916	9.33513533128111	6.24864214981062	5.06124004070318	5.26657451565684	8.0127920926374	7.52136906742672	7.78854826694209	7.62384912843255	5.56582106263571	6.23244692457937	7.46839305642245	7.56954584021127	5.8343287940752	6.75064559087126	7.36420472131374	3.0851410790942	8.30344144905574	5.72107612735951	6.92222318455293
FBgn0035171	19.1871969203606	19.8111813613391	17.0069629498379	18.0881913750708	17.7316333707285	17.6887908758487	18.9241216649527	19.8521351361487	18.135948142598	18.8319062323976	16.3950975744415	14.5952647027857	17.9840482708495	17.3496993769513	17.0861772969459	16.4198611509185	17.3609977981922	17.4275982510027	16.5336598092276	17.1619585067559	17.2156076718464	18.5964208291252	16.906867611551	17.0904460579294
FBgn0000287	6.00104462683078	6.03087306346597	5.54953763257879	5.39472398893416	6.33699532852715	6.62634479519893	7.0445213060947	5.98147257608316	5.4931501112395	5.75106334874856	5.59822999319577	6.55805980269226	6.40176311985865	5.33775163386649	6.2120886487088	5.39681592586183	6.06284807850362	5.56921719344526	5.60108631104482	5.19313852355147	5.69913576816777	5.15235611708612	5.49917422308377	6.07102875698783
FBgn0037046	7.74031923047042	8.08648287618098	6.92068995372604	6.17447445517348	5.97642353300278	7.62110873524354	9.29470242171653	7.22064619964759	4.9047031264493	4.85593347832695	6.96079002705207	9.37361122835751	9.37500942563448	6.45727168586905	6.95295931511256	7.37751458165459	7.24525272231718	8.92637633294867	9.87224416424796	7.60366001148904	6.52617334132071	9.79675340172445	8.41706767224337	8.52476781492284
FBgn0035290	30.7829768854074	30.646261861452	25.042618024015	17.7731335684386	29.6736675104411	29.6920686317348	28.8781463876075	24.0498640231995	21.6938211957064	21.9855634430337	32.5101281401273	28.7051623711455	25.8178533000168	28.3504355643621	16.9099163024345	14.3752528003319	27.2402001592181	23.200839648954	25.2964159065817	32.8702298201533	21.3408255095238	20.6306463693941	28.199630556843	27.1168345895344
FBgn0029930	9.89088509973555	9.49507660678176	8.06040675166108	7.03195083120471	8.08108944407748	7.86185286690033	10.0739828516893	9.09560994670004	9.00062235582385	7.27838399734194	8.32213166980103	8.50848616222563	8.93034705686275	9.35973769384665	10.5250067511761	8.40621363849481	10.0749170039083	9.72882483201152	9.98649775280629	9.27420260947449	8.80283828657326	9.16836662836971	9.96566477515952	9.28790315011318
FBgn0020307	5.50652609022644	6.07266931791382	5.54408273026273	4.31040816888224	5.63140826151184	5.90473280844774	5.92441329127407	7.35704878787578	5.54451185579658	4.63242976629533	5.14950007178194	5.78618123678297	5.22089010616785	6.11567745357588	6.0865220067223	4.97467518145355	5.28937864681895	5.55725454301011	5.1460757727137	5.44650460090876	5.48733586620161	4.67236621553284	4.78535047672354	5.34452911914574
FBgn0040765	2.35240788642057	2.21125081745621	2.07680485855263	1.90331718580101	1.76450481564983	2.02560616742742	2.04138906886243	2.57318569937735	2.29407229898465	2.33725438103396	1.81217049542881	2.0747184044211	1.56355308024897	2.0428538609838	2.05629758535773	1.97679541067385	1.88412903478603	2.13942782838273	1.6737336286416	2.05218292300664	1.99522011083139	1.8747852388014	1.88039874845653	1.81085507805472
FBgn0014464	2.12826752097842	2.20102687411341	2.07167279048017	1.3098891532137	1.54008716924101	1.68415272631579	2.02082220756846	1.83785425465175	1.69838106053067	0.98214993334104	1.19409925175022	1.71210026688607	2.25878736294997	2.17164462351678	2.40495894825519	1.60914899487017	1.63200323828967	1.94809331267005	1.88391534292677	1.65205653287606	1.92421328539827	1.78143481024194	1.44938799131886	1.84368073048609
FBgn0033792	1.55999199693631	1.74760272142509	1.14920650716752	1.02871227539956	1.10059148892504	1.14423527768339	1.52664386956778	1.45349388782149	1.49208747880666	0.992557203379625	1.07817150029047	1.1552321210868	1.6454905157623	1.50307057309054	1.48461993744535	1.67827573810342	1.33723091621627	1.14660194200708	1.39158961167017	1.48388355286337	0.957179201837784	1.43482668336306	1.24768149586032	1.19240614978832
FBgn0262741	1.51901545425626	1.42700093434673	1.37233746717736	1.32150792222583	1.24539953928581	1.45237387172738	1.67060462462593	1.29832274519519	1.33127574266502	1.23970817360445	1.2779213177167	1.37105022152662	1.45128447092137	1.52131959420108	2.04739078696563	1.36826284369263	1.41375764526548	1.26588510241085	1.19881173456543	1.05728095341711	1.3132053698186	1.22359780190648	1.33671814128508	1.1680795276228
FBgn0038631	44.202652523009	48.6954002119299	41.2441592227853	34.7971878035253	31.4332321186614	34.8591493058802	41.0765316886701	45.3617387455735	37.5851408210611	33.9511543403979	33.8746508377665	35.2330442969206	33.5428908668796	39.4032960302916	29.7545130251734	47.720121867011	39.1443137993075	34.9012036727506	31.8262985446244	33.6553873674361	31.8638916398223	42.2879334513063	34.5677990195066	32.6554183267643
FBgn0036765	7.51861081604336	8.30230157199313	7.61811385516501	6.949370025713	6.6379576421431	5.70583083234177	6.8225126804758	7.9781337705563	7.73163089669085	8.1663382783219	7.00191784517303	5.39150506623631	6.88628885346535	8.62351368293279	4.74547362104873	9.39428763023702	6.77852622223388	5.47210176623402	7.2281776593362	7.76913685995298	7.7842236011961	8.48730655158667	6.89352879453572	5.33479606328327
FBgn0037213	24.4054159903058	26.5438281830189	24.9605454270904	22.866366964299	21.8118093042591	21.7813238324645	22.2317607586448	25.5318852049608	25.412877587013	23.8598433606096	21.3240316347862	20.1512902070897	20.1139874447235	22.1116833900632	18.5087784718225	19.4406411140144	20.3537395760413	19.7599619740332	19.1880317516802	22.420028110254	21.8456106304805	20.5976157237956	20.5989678935664	19.495792901473
FBgn0027563	34.9979811738241	39.4483294038777	34.9451174699344	33.6177762799938	30.122874290559	30.1875617535266	33.3970061990492	36.4118255868688	37.1617893813105	31.5414438055692	30.3268452563427	29.259670152276	28.9246667620194	33.3925826254984	21.5538192085369	27.2302190685808	28.0289056067259	31.0778174264354	29.3382579849125	34.457032943037	34.9929153687737	30.0988717514314	28.5528767444639	31.3644773382403
FBgn0036875	7.92348408670818	9.4137533260765	7.51816120654933	6.62499404826878	6.12630162168878	6.18168914357609	7.2459001898814	7.0481438679007	7.73747572591918	6.85157997653861	6.41983037946086	5.44871586450969	8.67693599651872	6.8213468000315	6.28501352237759	7.96926035179083	5.29443430709277	5.3157217901574	9.73435423015465	6.92177028746406	5.90071294805664	6.25675534053173	6.51516592020151	5.29599754645939
FBgn0033446	283.348724450754	294.369836761304	257.824091637591	264.333744286807	256.65675686433	240.437853057395	247.113340304027	274.545462658235	280.542571425594	270.020575731925	249.820996557654	230.522594267718	333.10147835137	295.698422129378	240.537322689789	368.439245373537	245.237146598551	260.155139784607	291.245855848879	296.786318349192	257.79024694818	262.355996989705	273.365891705612	233.30028106271
FBgn0001108	20.2508994311891	22.0484164789369	19.9933517800543	20.6153624514803	20.7638639962408	18.4078157374498	18.7166796506029	21.0664501876563	21.0986112945458	21.1619030467253	20.832332637607	17.3944683543463	19.2936128043917	19.4408770191903	17.8543623756059	19.929705841272	19.2501221929085	17.7079460576358	18.7147276066431	18.8401197327982	19.8652088785808	20.110999308852	20.7197393026826	16.710222745915
FBgn0035432	29.136118300312	31.1090833862042	28.5781436428783	29.2062828125722	28.9172012081523	26.7862305590111	28.5856293995731	30.6602083399211	30.5618094107789	31.4706499076077	26.9817265611649	24.9489915210349	29.47634380705	27.7152815798276	25.9440478128155	28.4944236242996	25.3705742214183	24.0329172323001	29.0081394025959	25.7061621655664	26.0525132009584	29.0204109301168	27.3853239484865	24.1189196749791
FBgn0051809	3.46881802310609	4.59108589919112	3.03620702753153	2.96165573916612	2.92682082709157	1.93179474368522	3.26217657491635	4.12474242416497	3.53023842954389	3.53857806078179	2.82332407631918	2.49677734485852	2.73100050359544	3.0063414926248	2.01589277289791	2.6808389339838	2.49133311299651	1.75942104948622	3.23216168284896	2.81256751883108	2.78209497694102	3.78222043138623	3.13319120036672	2.40025951427244
FBgn0034532	1.80946530795943	3.03795652106303	1.98671997400097	2.11755163578991	1.72362951877135	1.78912517883017	2.07889676809326	2.78680249968684	2.60478401807884	2.49500775599245	1.78961109331247	1.56327267891514	7.76237087158032	4.23699807691162	5.79471623653329	7.71272009657219	4.01737715625502	3.10965169183513	6.31662521055051	4.26854744341721	2.63934865399817	2.54386474767699	2.86374469576703	2.02594237562349
FBgn0262531	1.14665194703884	1.83896327778641	0.760097032323446	1.05319730801741	1.09418448355644	0.541647394604112	1.03397170713392	2.14649797877551	1.47060153858188	1.53887013464931	0.678530885064376	0.370620196079906	0.885667277708892	1.10229936796769	1.07095693171733	1.32000337100701	0.770796012414795	0.891152018467293	1.37750233531242	1.13705603955316	0.545284185455998	0.964072799130302	0.836668228573557	0.375626881237045
FBgn0030747	1.12798991770125	1.41736800487257	1.31260430891222	1.08410034651077	1.10214070260392	0.854624086925269	1.0332358630023	1.2001156578961	1.31854805859415	1.24993660062477	1.17402080621001	0.917073083842937	1.52829693527252	1.22233563786587	1.27270029237392	1.31796199250628	0.872078423330523	1.00099558845276	1.23925111845273	1.23242683484394	1.02970345309869	1.15258715541153	1.29937028224523	0.898887366811607
FBgn0265048	32.7694777546431	37.8119450683165	37.3498927947702	32.18987115343	30.8351895205382	32.5963581240073	33.5724017696226	37.7668093848496	35.815676370638	33.5355836103578	32.3229408768751	32.1132382671969	28.8891152592817	35.114887100482	30.1338575247223	30.4286190235472	31.7164727139387	31.34239720889	30.3927575753108	37.679748874222	36.2392592533905	31.5269932485441	32.3913265240634	31.7939901132394
FBgn0001216	7.9808204973575	10.023561569621	8.67427878903924	6.98746964208204	7.72927561367115	7.62606236245678	7.97705338627269	10.3636839497686	8.85472712786154	7.92764555501274	7.17615538414435	7.75416174037722	13.6221715323759	10.6299747873775	11.2816920047574	15.3053775708487	9.43073033235925	9.42949702605972	14.2404191936293	9.91726410305424	8.92203471323038	9.49562758634783	8.40968543199449	7.29559858985428
FBgn0053143	15.6107043161654	18.0673560397536	16.4290807336906	15.4072834164798	15.6728572973464	14.5860821837112	15.761508262122	18.1616145484461	20.0110958310654	15.4797294418557	14.7761298596179	15.2474437629534	14.4318967798325	13.5242571981336	19.4089657278268	13.7922141672675	14.5048621839216	13.9056219849276	13.3610864952164	15.1927892635237	16.2866677732514	15.081129783674	12.6835158056438	14.7689419390295
FBgn0034335	36.2742269137138	46.9449241923291	50.3702674625463	26.3435327212135	26.9005123611536	33.6162327196742	37.4523062934676	47.3390582806995	45.7431994822832	36.7430219976676	29.0842109832038	33.8751021818514	26.2243043442549	43.3321005490358	46.5516868998951	26.8987971334204	29.1396758050771	33.9029187579233	28.0502626565629	49.2873472479702	49.8395869837787	29.7845824768712	30.4488336173854	40.668992853068
FBgn0050466	6.3616372991141	7.98515071406561	7.31151353863603	6.51655979616539	5.40624359100573	4.60672518544739	5.56217734356104	8.12235562306762	7.90057358267606	7.32074248936853	5.85886070544222	5.46369964687461	7.65032048125223	6.18341990629916	8.55188500360623	8.18922696852783	5.85910337750194	4.45146833347618	7.25448055633915	6.48872184011204	6.36389487783499	7.75997295955388	6.52170865306042	4.44731145405311
FBgn0030968	39.9443085662661	48.6324070133579	43.3520916731339	46.8564565790553	37.6596962642699	34.9536563328872	37.3853945511262	37.6168589578391	47.9363612415086	45.7228770434343	41.7541282409127	33.6033919381729	31.5923717629706	40.379560129671	28.3354736955487	41.4337911463967	30.1309042961022	33.0486017582357	30.0994410282972	49.5344158732773	51.5793277918323	34.1177188274877	29.74472686131	29.2773607952986
FBgn0034143	6.64657926112658	8.41049628388139	7.12425714861383	7.33550613764847	6.03144665959098	4.82714670810016	5.81108939112682	6.81775535722503	7.7927332892429	7.37578110066058	5.9692230230004	5.02882644007284	6.02792600798337	7.41069551157466	5.2630006200015	7.36711563527236	6.36907014195325	5.84656314877954	5.61861680883909	5.58942643460307	4.93252401996913	5.89659987512158	6.003716734236	5.11309631437167
FBgn0038201	1.92543820389155	2.96942788509444	1.70385190490925	1.92378795392082	1.18545273298725	1.24662164781512	1.96421695320185	2.1618642029125	2.1310722749046	2.03866115788932	1.10485079055751	1.32989175454646	1.87527059558814	1.86305990848913	1.03136686379081	1.84586193262124	1.29648635945665	0.982489525592104	1.92818002048174	1.91616837978428	1.29483286872812	1.52008796969878	1.5695356396969	0.996026812770643
FBgn0030960	36.8397355806984	42.389919924568	39.7421622623116	37.3021028425715	39.0285624547741	37.2664893565435	38.0316505140075	40.0225050579216	41.2892325034908	38.7282827987784	37.1093169373356	35.5047692597891	34.2443452400755	38.9077153367079	37.5046383813558	35.6095287769776	39.8268737190375	32.9821039258029	38.243775646392	37.3719688089858	35.5541663817775	40.0372658913199	38.9816164652575	33.790886632191
FBgn0035589	27.1419796193915	34.5702805759871	28.5932323716819	29.560543192401	26.1931208624517	26.5101678671879	25.4141222198709	29.743995222408	32.6209366929817	32.6603280033232	28.0423909294614	26.6036908234569	26.2605527181492	29.9469749790977	27.6035843727512	25.1716666222479	25.1848206266909	27.7554395893766	24.5315401269143	26.101452787977	24.896598803357	30.0784849961923	28.543450361436	27.2105796865244
FBgn0030468	10.2943904682557	11.1001824903262	11.5641421189372	10.7148249035553	10.5758502571526	9.72736076958565	9.35570434212367	11.7559866001978	13.1263482907643	11.2922429928258	10.765382978265	9.90915400128468	10.7087945504058	10.5889507279933	13.0024605925701	10.0710634237185	11.2183514982555	11.7633054057895	9.71851810266118	9.85547700658909	11.9563003552884	11.76618522571	9.99144341029283	10.7096431480627
FBgn0026323	17.6777552111277	19.7166591538724	18.8031843368171	18.4424339805498	18.5590128248456	17.0018902015523	18.5391593287586	19.7285812640064	20.5692854164425	19.3445834443876	18.6426321727711	17.2277524994231	17.3262734462246	19.3830336680842	17.0742583005266	16.6604696808386	17.7915307699384	17.9201118818515	17.2941399509855	18.7868748800965	18.0655268755891	17.3469305267963	18.1975976610127	17.5868232565786
FBgn0000529	2.7195939817442	2.87468879999893	3.01063403274021	2.83420243613019	2.73707570202509	2.51991531043722	2.73530502765806	3.0721540791037	3.71151281411121	2.88145663488013	2.58640518067886	2.2219814638294	1.81614248201327	2.57595283537087	2.82229206878456	2.93507210787406	3.00883083921708	3.47235447809203	2.45033839864969	2.80557803692543	3.21525850319119	2.42375184955109	2.67891851993865	3.37799710965352
FBgn0038088	56.3987024361221	79.3697097697864	78.5889658286955	101.987670984398	72.6591500138646	53.0609955010433	52.0519037522946	75.707192594228	76.0334770470371	94.8958736328964	75.3598113412213	53.5984931624847	56.6293514136775	58.3329917096278	56.2837327284888	88.9181684549928	59.9797977651419	42.5894449591197	49.9234141353272	57.941739971867	52.6213487472498	74.0886988853112	64.2466668011509	44.8275603763414
FBgn0020372	52.6909157987299	58.0051468641955	63.017273747111	54.6021152089798	55.6978634821824	61.4947636253357	55.8673752970349	63.8405559191389	55.2101016966198	52.2838510176546	56.0064542636401	56.5181327620859	52.4753918463052	60.9814258359348	77.6469330365447	53.092640039941	54.7716885480226	62.5177073905542	55.191053800983	59.8911626131611	62.1944587663513	64.3850847855182	58.5020571507378	63.559282156347
FBgn0262035	39.5002426801357	44.202997872324	54.9222396216906	49.9535419036388	37.8271482981895	36.9273947352119	38.6108473264007	45.2471957464101	44.8258015624132	55.507890153627	44.7664818940037	35.2779170683506	33.1749003753214	46.3584254634004	34.5464312020679	45.0619531400808	41.7796380266455	35.2092514722938	34.5817230775711	58.4995952191112	44.40633914909	49.1052189585954	44.2440246758978	36.4828163405737
FBgn0261555	8.63034449369136	9.92870026160724	10.9321756881172	9.70305165002038	9.57836477512442	9.1564724541274	8.8085510709841	10.1551710207721	9.97421039278145	10.199133188061	9.80768811042213	8.92842504933863	8.70515559717652	9.56540201204718	11.5325489066151	9.32362466350948	9.40884121297086	9.70489646813516	8.49458895036598	9.29498436542925	9.9361971089292	9.74557896784583	9.59978260554347	9.56121417157501
FBgn0005677	8.0118416756879	8.84727172508703	9.04975615524212	8.14802586473153	8.106109920677	7.25344692371749	8.18022391253625	8.7735308067401	9.15598525165251	8.07793020579513	7.72952016340654	7.48453921869409	8.2094070895468	8.89696699470641	10.4362350161933	8.26226049520658	8.20595927739175	8.162439119772	7.68225534627044	8.06305416312658	8.63970430884034	8.36632515072164	7.87376680647298	8.34271299258129
FBgn0265464	9.81316910198946	11.3170836285754	11.4487843388012	10.2787134747766	9.75919692975311	9.89495819110201	10.1931825918752	11.243680941487	10.8106768550554	10.2412632498891	10.1759699147538	10.4669630555738	9.1587251335768	11.0567282824543	10.6165456190752	9.44532063018133	9.92231680579618	9.66940579783705	8.77956205062761	11.2220937249346	9.8646737865155	10.1977877891821	10.8657484646659	10.2333175561115
FBgn0030691	0.591841525112171	1.15348577988234	0.822104791787238	0.944227303682905	0.765159489380328	0.330211645473472	0.760132535411087	1.2422389563872	1.31844443106396	1.17052372821899	0.466962684871989	0.556742951837806	3.16553659411935	1.78349873832016	1.73360310497098	3.17947666210448	2.17103276357257	1.00895741006728	2.6363526523552	1.4876802102795	1.04508658895459	0.521360322493334	1.03364000438604	0.554535268789898
FBgn0033785	0.512919299894012	1.15164471936965	1.1233795236567	0.862503315320051	0.770883123356007	0.469668328355691	0.821854071030793	1.06611925132811	0.873730702127234	1.09051663264781	0.607039629457668	0.438410510160197	0.970630897132146	0.933950667212149	0.987394806584352	1.1251594788416	0.824626976273947	0.677669819517629	1.04426817457211	1.0566312985962	0.986504803993827	0.482997941989481	0.60255484314514	0.686102380842206
FBgn0265050	0.795045782179084	1.4280769343526	1.56420423943952	1.17963108386878	0.796600135607916	1.01111807874242	1.35111374574002	1.54475463389362	1.28111174904522	1.02206915842046	0.972300659550382	1.55897711445708	1.18212079794282	1.91972507311331	2.07917269249597	1.2101522632399	1.40290832406049	1.14309953641651	1.58346993429077	0.605281858793608	1.44090397021975	1.34759962821963	1.29945672473654	1.27618392400755
FBgn0025697	23.0094509949758	27.885580793432	28.6758062236427	27.6592777338723	23.4064117141944	21.8376495149	21.7644331735136	27.6034554799451	25.9819963999874	28.876290882744	24.1204681527999	20.4264826062008	17.9962161879491	21.5115812124171	19.6176060582905	21.2308649327435	20.3318058719638	16.3535469161259	19.4969942257468	22.189864249867	20.2432029840404	23.3873281754234	23.7918484775953	17.9971450152143
FBgn0016700	169.613299912	187.658603476294	177.498735374993	178.086629168382	179.67723043	161.628996025074	164.395042417787	172.126214730491	186.05072188123	191.616067589641	177.115421022443	167.09976281803	150.256207054287	159.985195567749	158.88018106977	159.164065007652	154.1944523006	148.636471658582	157.930586479616	164.457536266493	152.17358205714	180.783465701339	171.134317813568	148.256466650024
FBgn0014009	95.2569336128223	112.816295750986	108.688370246551	106.72833961146	107.41406791552	98.4840348337121	103.533014228473	113.008613565422	110.755339140776	112.089336334369	103.86529613242	100.149476232633	93.8103746907825	101.800172069311	97.5983876036561	91.2684495910531	97.1078974434453	96.5869842962929	103.947792317451	105.894106949793	96.725763251134	108.107677359466	102.408997545731	94.3623214885187
FBgn0259239	7.88436328688104	9.37539480110137	9.79617720815689	8.16961401510143	8.26284186696938	7.88185937227773	8.15395417787165	9.07866989724872	9.62985068487829	8.55043392704635	7.71926186609974	8.14189062979018	7.02599171866353	8.71485641351877	11.1644749362936	7.58518049625251	8.34894304853841	7.9823224543467	7.63170411467983	8.16971152781498	8.52206818209127	8.64810285709873	8.04132319582609	8.5957072119398
FBgn0036585	17.1107042024551	18.5657479874585	23.2340295998341	18.5953166318341	15.7906704300343	22.562657271757	20.004933457087	22.8894692496749	15.9625343182879	15.8072904456949	18.9182361940776	22.0735354109188	2.84032543630835	4.27772235072525	4.90649623478791	2.62057504876443	3.08991815460635	2.01220541760402	3.18866900029633	2.01651234604864	2.66471698207478	3.71012532052403	1.83989898007051	1.72090195589783
FBgn0039630	2.11720756802122	2.96801264143798	2.87683364439907	2.76597607373211	2.36817018373573	1.91022775412587	2.05600971980535	2.45485242662453	3.31044902609256	2.84423094818258	2.96273061997778	2.16917364148812	1.8718743267903	2.02401907900219	1.65408699722245	2.25334181342591	2.22433683018433	2.32846124437452	1.37907327010976	1.32384117959318	1.27067018396054	2.06893333491201	2.08116946161492	1.16030723862089
FBgn0046258	0.515898239861718	0.779242373473839	0.766036544508444	0.688907044280496	0.732284698752913	0.446151848345625	0.676331383691223	0.792577750201109	1.11632007784129	0.688719861990621	0.488452162245769	0.389079456109933	0.90653470234868	0.796426527943237	1.01186770290821	1.24717319557394	0.627119608569526	0.561322258728342	0.936166449829609	0.438969398244908	0.55336140338558	0.655834190766339	0.606054369689278	0.552069708766379
FBgn0039225	0.562606860457975	0.968355198206923	1.11761942354965	1.24837252798218	0.799854221129191	0.634288563582344	0.753069747625618	1.18176373797402	1.00807448712386	0.8270100405017	0.743826648358182	0.963289529244723	1.04136425893907	0.866728057990083	1.1819061736232	1.14361947829438	0.989773969723267	0.921760481153078	0.753748554536279	0.871625380078543	0.798616840624536	0.787521154247554	0.823244559982531	0.848453404400172
FBgn0033033	34.5460482365357	44.0251440077479	50.5626381934788	50.7404351871909	39.107603742437	40.2448009812217	35.6579178074168	47.2119876506023	53.5094061762511	50.5731428744195	38.5136135100155	40.0316082790201	27.0483157559018	37.5158433090287	36.2489258512188	33.496208207296	33.8216621946606	33.9663084594319	27.8440365894052	35.2139438749815	40.0235757024952	39.5073691410117	32.593967211325	34.2046413104271
FBgn0000394	27.0811646626213	30.212888996774	31.3602040569376	30.3417624626454	27.7977588033836	29.5140294356753	25.443339943768	29.6563877109075	32.6707832761628	31.2983548330648	28.7084209369163	26.0594920432161	22.6451274922042	26.507345153456	25.3946829721066	24.4392262378664	27.0985671651517	24.9122442813375	21.991798121016	27.0052551344505	27.5496593612246	26.5097761090264	27.226561624229	25.5020402167862
FBgn0000533	15.9012540717142	18.9648055751599	17.6727189289858	18.956782244985	17.7649351077908	15.5923015820027	15.9698130763672	20.3263416925397	19.0900392561628	20.7550421938033	17.2666399907429	13.8664486852182	13.7235894362037	17.6038172976596	11.8998331733219	17.4744606924058	17.6143546510919	15.366807308061	15.3217163812946	15.8183310320295	15.4075218527652	20.5172116939313	16.7338029045313	13.86627739042
FBgn0022213	8.88969008108707	10.5359627477255	11.0597147320058	10.7041772596806	10.5982537529973	10.4111989191111	8.70601671166076	9.37037500091933	9.81144230320017	12.4325759299572	11.3009325395623	9.94089796861908	9.20758571699157	9.21239951257323	8.95755134352089	10.2027497710206	9.61129685359914	8.50412263971075	8.30992063727984	10.016964340673	9.69098377887854	8.98223976270706	10.2373866327	8.89462290810621
FBgn0031979	6.86215545797135	8.46494832659227	8.63878708345966	8.77975703037624	8.59446413482022	7.74056428183158	6.51893964738512	7.54952550492415	7.82950677041351	10.6213570980986	8.82756102379281	6.52536739123486	9.61157454897323	8.85749761552843	7.63990154177128	8.94904066564557	9.06690487504337	8.92716636514984	8.78131450549165	8.75166358185112	10.1523682881948	9.97372315172323	8.07659472129427	7.35468831319816
FBgn0031769	7.79825533840726	8.73187339462362	9.24841446319321	11.3400759642661	9.60620940201923	9.27361282667487	8.08425993999591	9.37207146311362	9.39991844523329	10.2553733543462	9.58881006730396	7.8824400657973	6.75342718790565	7.60084932198206	11.1238325084221	8.03414019686099	9.37223931140135	8.23300905073537	7.35115777768358	8.38156835575293	8.73538583435071	10.2043828260184	8.37995034533049	8.08181791676496
FBgn0037719	21.0699562960696	28.4028940136963	33.2944684097114	33.623251487857	29.205882241088	27.2657508275719	21.8517782599301	30.5175692023881	32.588716791236	39.3423639344383	30.8376131764496	26.0841233114377	21.5679695671728	30.2870638335795	28.2766545547578	27.1579824935872	29.603630194725	28.000917014696	23.130443936718	29.5047941603124	33.6210032384937	30.1808422490681	29.4566628078032	32.3076639767305
FBgn0037327	12.9232138544864	14.7260260042465	14.7528766300154	16.8886553343818	16.2400116229268	13.9541515656345	13.4161701355162	15.0221138399134	17.0691286791773	20.621760651734	15.2352870351534	12.3499924768241	12.0068302534853	14.1122554867888	13.0657991053455	14.0844377745185	15.0964029191192	12.9733469857408	12.7884161500316	14.2778012468123	13.5646357116587	13.7082011842748	14.6147465183064	12.9280949540965
FBgn0033663	111.878428886041	133.904466800437	132.300848949027	142.436025136507	143.75597990464	125.132907057109	121.220891290322	134.335104321872	139.362392741714	159.481794503065	154.124069728727	128.053003774142	125.00968572901	138.657663004879	110.025892711311	159.916545636793	145.817461345006	123.405937519149	125.670417119558	143.697763405381	140.200869245389	135.750754727185	149.777017200897	119.015845987348
FBgn0038129	19.2640141802515	23.2655900338826	23.2840740332712	25.8723087888229	24.0039081271057	21.4866168595683	19.2188727611254	23.047024986625	21.2312098545147	26.8240242826091	24.561666663943	20.4734348351038	17.9480875014351	21.9752299556266	17.8217151416826	20.418640007951	23.7030580922987	20.5408453249642	18.9552478384743	22.3510993979977	22.0458485047957	22.9233886283629	23.8125234585248	20.7016784250358
FBgn0030396	1.59035036832372	2.21604362666584	3.77831566484113	3.79640849212278	3.71807235603022	2.71832775981907	2.0591750911638	2.16540384055277	3.59257795736719	4.80188578417155	3.37955613153364	2.79328877816146	4.01269934686792	2.92097512512088	4.18982977086403	6.18939369990962	3.49225124765405	4.11994806404809	4.57990576789524	3.01977975155019	3.37246014536401	3.21479782547491	3.48744307002624	3.04713177920173
FBgn0029158	22.8799178525009	24.0262384752715	24.5951013008624	26.6089718661932	27.3931137552344	24.7989780440054	22.4950106040564	25.5324740489147	23.8196143766969	27.9036790741528	27.4012294794381	25.9414641979779	24.9785211075785	23.2686182807931	26.5466580332265	29.9481706788598	25.9526119147272	26.4928804233211	26.3320657630079	22.4687648405136	21.9262976327758	27.5095118813277	27.4071914895464	26.3281705206172
FBgn0033996	16.5635670497825	18.2018626087682	17.7397840901943	18.5638047020965	19.1566225353919	18.0085987203208	16.4452410699441	17.1908923004628	18.8186469294121	20.0728252837388	18.3217300508226	16.3292669487353	16.8281864347282	18.0716504056992	17.2396012291358	17.3021318719303	18.4661490474243	16.2082278162783	17.1876413181037	16.393785769422	15.9936794077259	17.519683897221	18.2234961123758	13.955076691656
FBgn0031542	2.99684625184151	4.29615305084006	5.35539863707011	5.4805727467875	5.2663725501024	4.0063065740802	3.21478062734617	4.15689305555675	5.13384581887614	4.75543107117378	4.64653764873393	4.20494430740207	2.19811205306317	4.13813191025044	1.51884405556202	3.90009317446149	4.50925288468231	4.30609213692188	3.08461649903845	4.93139388706304	5.07819125654043	4.2658502258807	4.66323183902144	3.83557377445759
FBgn0040074	104.017045203036	136.711563584912	140.13289858292	204.868856091012	142.007200928749	112.618382292941	71.9379785231841	122.328819636801	114.041742390384	206.811073515853	129.456145540233	89.5750620521361	112.931410533721	156.213477057022	117.589490464373	109.139347223205	122.771199178537	117.85752662209	95.5429423646905	142.845135530841	116.029140433302	104.694343380562	122.454153829298	110.814009454867
FBgn0033226	34.8125390770456	40.4531193712479	38.56228758054	45.9743101210034	41.1585441241095	39.312438374479	32.3819991479016	42.3839743860539	41.8031323324433	55.2808814266741	42.0319434254575	35.9558287328954	34.9860858996484	38.2106171290175	32.8083418520854	40.2415543441443	38.4207545722385	40.1181606069752	35.1432337510015	36.3746679928905	36.3023437770849	40.0365794077585	41.6582683020857	36.0549743600642
FBgn0030808	7.21601356933673	8.40527827434686	8.83698414710312	8.92016500118757	8.16391068241521	7.53902081982239	6.6621636770181	8.39793737090656	9.09974383678538	10.1722981088864	8.32656359751139	7.55686774265253	6.59720312637748	7.06895505202237	6.55097588582566	7.748797493043	7.9278938771941	7.47331048897418	6.49481666744943	6.83226134739287	8.45822313234961	7.2668382477085	7.75106136032311	7.10923782366413
FBgn0037008	8.91048975049418	10.5754964532345	11.7786637807859	12.0383940860298	10.8151107230618	10.3923867584339	9.28607357837284	10.9985302618446	10.6459930434003	13.8403916169927	11.6601295373586	10.402498492858	9.40036532301342	11.4932073152382	11.2722822305096	11.0915318841251	11.5558540522271	8.58028301156571	10.8500562057459	13.1197091952127	10.096112417961	12.1972020323847	11.233573610415	9.26944547294682
FBgn0039073	16.6329142009225	19.4238984073949	19.3406734957562	25.1373133653527	22.2592882890757	19.7234233798362	17.756098266525	17.9118921407183	18.6771807778953	20.7462598979353	26.612530944089	21.3586313592856	15.8239482937393	17.7100919109059	13.3036085334866	16.1378545776042	21.4982063587155	18.6018734056516	16.7752642046284	19.9845224140728	19.1633216595694	18.6096013111552	20.8686940588736	19.6463515758753
FBgn0032034	6.79845492240147	9.35998781467592	10.342172646572	11.2078363962121	11.1303043049355	10.5109379759911	9.19094401399561	7.64966964440552	9.94218620196474	11.0070595173518	11.6219517598829	13.4715974956175	6.66682116394069	9.65624330773365	11.4750429676629	8.47417352845283	8.67706347809238	10.4636113975034	8.02387444890394	9.85009884724034	10.6990840696555	9.35174289522538	10.3491180011333	11.3100587753645
FBgn0039254	19.8689190624141	23.3028101240521	24.9382614970085	24.2655970276338	27.2033094890668	24.1129718366443	20.5347699692977	23.1894673998409	23.1079627779802	25.8449435635935	28.0725384387436	25.2657082241902	21.2230152585922	22.3366885157551	27.9823395903713	21.2202244046921	25.8538805349555	25.2052461782539	21.5574377626417	22.5840801853848	22.2553477095996	22.9328597319686	26.3340434870944	27.8771470881356
FBgn0263445	2.06331747980423	2.18807414399919	2.25378363541591	3.28426091084891	2.73270582927536	2.65423404010073	1.77336958530673	2.27186007197852	2.29294127122802	2.7908632652754	2.48871514106055	2.5279335898529	1.41051112686575	1.5959261480406	1.55054808196453	2.33581502666194	2.38073693931612	1.64042732081834	1.9733759183266	2.25164160115587	2.63156971379048	2.45660725106543	1.96237283814924	2.03033015223985
FBgn0027562	31.2530429789939	35.0487923487777	44.8195873566363	52.2945113583704	45.1024689965581	38.7313224308069	29.3706525590677	30.8493826841466	43.6300088202931	55.2911055441858	40.0265346429772	37.6923305729108	21.058615889625	25.4765465877593	20.8137633714472	31.5212773620103	30.3452152041894	28.5671859662076	24.0951450587291	29.2203707706048	34.27578824245	31.043780746308	32.2759703510213	30.2231719193931
FBgn0044011	4.19639265903162	4.5682687052497	5.31919300301656	7.25558238934049	6.58036492955516	5.41496096449194	5.00276013209672	4.59394915735406	4.80639285624933	6.84875827586069	5.84127274728487	4.56284418775625	5.19569307291183	5.86108204647641	5.3285051637344	6.07887260049389	7.6522945136145	5.75374914437428	5.37559046811479	6.20316936842101	6.53653493992445	5.84707459731749	5.95959597184677	6.91064713504921
FBgn0050489	0.0981035407929813	0.364890717643773	0.388453337429449	0.355810634154887	0.573389471773335	0.310527401389417	0.243462307967318	0.246269761871161	0.381401675934914	0.441947643768652	0.722434043624989	0.482289536730289	0.0982263370432385	0.112184429862003	0.110857768565266	0.11711765741569	0.213715891996423	0.11860155712087	0.270168909607883	0.185499339642092	0.104824389313266	0.266877376915874	0.356321355355022	0.158306085769004
FBgn0041337	0.158966041154787	0.324474934490118	0.295052850182821	0.655172904046788	0.575166321701359	0.296514214891947	0.283013739210712	0.287318283567864	0.341537166936351	0.812193660659542	0.418080438943188	0.372987377375668	0.716242585620057	0.293648782120013	0.269449305157008	0.996325754815576	0.623345744855511	0.370634460113237	0.328334341882465	0.308491395238787	0.274383479919441	0.449078075672974	0.460099467020074	0.283519530478178
FBgn0001220	82.2953739342782	87.6543087894541	81.6798918263807	110.675771173672	109.701566718444	97.5929370213405	82.4008299314171	88.1816063013743	90.3247419017872	128.386709071773	109.585922594441	87.5960509293687	89.0444940427881	88.7125977814804	77.3208058596074	108.999323535557	109.227866538535	88.8812384977917	95.4467963956986	94.4802285042756	87.9140016034287	111.408384641871	109.345064154658	93.9723778827013
FBgn0259715	97.1865500730996	116.297081206428	110.451228666462	140.272096669364	130.057326948017	122.433993778177	91.1850487899867	99.0163522058584	100.242887311625	120.106689170798	142.543942080832	114.994842370896	89.4997320732239	104.266547807933	73.6227311187338	93.9998726015531	110.611549733243	102.248416886042	91.4147406969797	115.738714870937	111.550927836225	108.444015202593	128.108399259989	110.694154249386
FBgn0265101	26.8367886964822	34.741845243858	33.2965373833594	36.3443793331177	37.2584628480096	34.7258765725722	26.7606978704639	31.4959096875527	45.1511685003	41.4997033672893	36.0601121821386	32.8725881196453	29.4988084599453	31.762088454135	33.7566940953408	34.4303244868434	31.2876283997855	28.6258092452189	34.6767753782226	35.8132592658239	35.7072075598021	35.4475973480925	33.2101765902728	30.1846203064479
FBgn0036945	6.80060736566045	7.28481156560976	8.03796686649498	8.87941682785192	9.31233394421569	6.75300768331763	4.80773815494172	6.1457743469184	7.51425233650927	13.4500063784772	9.10018651643556	6.56495759351637	12.7956977200283	7.23592455540273	6.60009343179209	17.0492269105412	6.99739149132236	7.61080116312705	10.3540751815719	6.04235124804865	6.39899290315466	6.81374017662387	7.61391380547276	4.86547658778285
FBgn0259936	10.694459433765	11.5467536336799	12.6691082197161	12.3704167800635	14.0529411482602	12.4860988010828	9.93133249709622	11.2490606931337	14.6363733549155	14.7942347671549	14.1093146411387	11.4592277133239	10.7429533846974	12.3990839826943	14.2216006295019	10.255640225805	12.6952761691889	10.582392148895	10.6563906736877	13.1903063554215	11.2397826053124	13.3173972031442	12.6559079962865	12.6860939878076
FBgn0034321	1.39687100257054	1.52541101678285	1.85377832190633	2.5389050572431	1.93903187345222	2.09627399593114	1.62779336441735	1.65685507697194	2.29910698008221	2.84901707662469	2.63133672118561	1.63291002044593	1.29022645802284	1.42380528146682	2.28315157172761	1.56338259631022	2.01297455761846	1.76412701092735	1.40651015789965	1.68902728170107	1.89871799077921	1.82509524344863	2.31877904877543	1.69500847042846
FBgn0029092	103.288614830882	98.4284155634843	108.995530014313	112.370504222139	125.455361247488	119.019425062234	98.8901189406047	92.3202197012926	110.6174528637	124.665874872204	122.886153764856	115.585180741042	86.607838564601	93.4050772706217	75.7369594676588	94.5941142844166	103.381994918923	94.5215444534228	90.2419969668991	95.4950716782067	100.097179172994	105.818863559476	116.395224127379	107.92811440007
FBgn0036505	43.3413913831999	45.381371966394	44.7257050709411	46.6074327115447	51.1748716772459	46.8453516558308	40.3215302004647	43.1795169074592	45.4676722699395	51.0933863070726	50.315603327545	50.1812959619528	43.2300096034065	41.9518146093487	47.9479868506367	48.6559425413217	48.282935534157	42.5120607532743	47.0779670866621	45.3140594602054	43.7476188650338	49.7181917952391	46.499371324275	45.4571590064978
FBgn0262366	3.07636230768515	3.12970479208279	3.55286294600953	4.25052343770037	4.6072562482434	3.60192498195488	2.9637302661428	2.58155693166748	3.93424872457915	8.32972808818796	4.25731666166626	4.05101518670382	2.24415517981185	3.20864806175714	2.76686174479494	3.65075228509492	3.1402586502786	3.03603729001636	3.24185332207789	3.38957485054204	3.52191089131979	4.46030858123569	3.34211535123004	3.32191698893101
FBgn0036489	11.2771590674761	11.5537881414104	12.6667821663296	13.3497991901148	15.2782280972652	13.7683113085358	11.092498695108	12.3610330108015	14.1018774377564	14.3534301874048	15.9871095860782	12.3642478816981	12.063452188163	11.6062018271678	11.7596378484064	13.5822908292367	13.2947007182259	12.9203534629398	12.751708140984	12.9352585331158	12.9168336212262	12.5376267719034	13.5266139834149	13.0132478803544
FBgn0034380	7.85972461931262	8.46275717478593	8.29541861104574	8.97360358880004	9.75107639803403	9.18893070458514	8.2996508289806	8.38106720218865	8.61381513912271	9.89026027344402	9.21429922249165	8.53335885708104	7.57420116348895	8.34978497305025	8.16071937854467	8.52074549879321	9.38067460270236	8.2282825772258	9.47913621081682	8.84938687246732	8.47456867135802	8.67598536491774	9.57691007575165	7.67566398021609
FBgn0261530	9.07935247445131	9.27003705621818	8.87606160956291	9.59445384982124	11.6460498022204	10.8057749458646	8.96294978965111	8.86762169992792	9.50247898013017	10.7629445424212	11.5982173451248	10.5098260451186	7.97837470095004	9.0183571335942	10.2688429085242	7.96100404238996	9.89201808910607	9.05773514510413	8.55275497679522	9.71471698100826	10.4151703839833	10.1605186538522	10.0813048915224	10.0435387216795
FBgn0036145	156.367057436027	140.685595987493	153.612287652727	172.828962692442	183.994010750561	193.245432123186	139.560283543882	130.470888474414	151.522423611946	183.052009564344	188.638019224951	175.403775283955	101.560768276861	108.621915369351	96.3232861869508	103.33406628837	112.535929340998	114.476728885554	112.388648618978	117.715115693012	111.071676668347	132.989108869395	151.738989107324	127.348290456759
FBgn0003449	33.9941105221073	32.9142192310297	34.012985855662	34.4934488956703	38.3987500696823	39.0509059600492	33.1251482162172	34.4749824864511	33.0251540174659	37.4348953577655	38.4085241958174	35.8897452153333	30.6857194741768	36.3153866309474	36.3403903761028	32.2706133503859	36.1124470505059	31.8306694021401	33.405842561862	35.1638698408509	31.9851803440463	36.1983819895152	38.7901935718968	35.0179846980307
FBgn0031873	8.54972358010832	8.40513689828259	8.98159609470806	11.3334928812985	12.0920818501424	11.8940708511267	10.5053229793774	8.67256557126571	9.90748206876417	11.157869100987	11.7017728571349	11.4046599623081	8.9098303865149	9.11689575998319	12.8441168101781	9.84227513507101	11.8137870777783	10.8032101007451	10.9660319838316	9.37678240912619	10.8420672208168	13.911203225622	10.4567592034008	12.0477477762481
FBgn0037150	11.0059236039071	10.3283461885676	13.2033448507635	11.4507664312221	12.6916429057333	15.1919102432589	10.948475561634	11.2803999738141	10.968262373424	11.8126528547325	14.0315375888721	14.6775949219053	11.3388678561417	11.0773471209586	11.4076037458819	10.6354255122562	12.9470966192462	11.3960479900843	11.0194958450746	12.1417310682275	10.8718531197751	10.1111107636259	13.2651851345589	13.4395823901944
FBgn0039977	46.79966738352	40.2550174325176	44.4031588461819	43.3340081007801	51.4354610386123	51.5320545046475	44.6846351473677	36.9221947197629	46.2932370036178	50.4933203497289	52.3496206849636	53.487996178942	41.6671612494707	39.8318572954773	45.6459315745276	41.2667695028226	45.3506365540801	42.559473289871	45.1654409541304	44.0261576516229	40.9515469370815	48.7863028375319	51.1291667316592	49.200942422966
FBgn0013746	19.7385537102258	20.1355135586448	19.4533618898281	21.3767749363106	22.3318804038979	21.6188984867465	19.9599565287986	17.5103692894281	17.7160132181105	21.0722809051353	20.8999897648735	22.4757631120222	19.147832234229	18.1014212475859	20.0545007772357	17.9841675145381	20.1109257276252	19.671339634144	20.8544866688623	19.518779827838	18.2097574136335	21.4882201098815	20.0091857821432	20.9862796603842
FBgn0033100	23.1636866625912	24.1006367006344	26.9882709978694	26.7649218844566	29.2108998910845	35.8721502258801	23.3567478648192	21.6742465186012	21.3287060585998	29.1901632136556	31.8080275771071	37.3096180886351	21.2428535253971	24.6131070104229	27.5980691710784	23.8600609335055	28.5084924228072	31.3314271347939	23.0445443127185	25.826587633155	28.0529012007147	26.123433445659	29.4557533568142	33.3219569491232
FBgn0032251	5.01626174310663	4.98970343704804	4.98311480308765	5.20644067749181	6.93149156922151	6.39751881827474	4.73404800134282	4.50131977589654	4.35866479709248	6.53248234594987	5.76951005741599	5.25734589062846	5.72994068496046	4.22294915239257	3.9262613037164	5.37699613709993	4.87594893753644	4.09070626347202	5.44096909405229	3.22729459634423	3.94589575884149	4.29119050087509	4.90772764821412	3.59124738605692
FBgn0047205	1.27267602725452	0.93053153841334	1.29743716764685	1.39039306056934	1.83978910272173	2.58968883228264	1.25433545833132	0.789641202869379	0.787068265729237	1.18339138546807	1.63360217546316	2.00560475470664	0.701798917097185	0.842128078117114	0.634741386931738	0.629279730426175	1.0129933856781	1.31387258199291	1.27788513688003	0.816640458648627	1.39108949567245	0.858579545402762	1.10603180814989	1.55356230614276
FBgn0034454	1.27846333908162	1.34205258885931	0.644079231090675	1.30975798941331	2.2493096741848	1.48655146918811	1.1528301370194	0.907782564468934	1.80782143128953	3.07032220372087	1.62113620670588	1.10193119980892	1.11091233186453	1.08442260526563	0.597033467074192	1.79879587099948	1.07425191917155	0.780680102693343	0.889176741087307	0.817912484285151	0.979501400011484	0.902912741555569	1.53919586405198	0.628209629881955
FBgn0035534	15.0145282162048	13.5926752387211	12.8222075555882	14.4668854134846	16.693772733026	19.4710428801599	13.2206910311663	13.4281646424809	11.6044944045225	15.9246362144562	17.4320902510185	16.8192192486758	13.670196865035	14.0422366656371	16.5018698206529	14.5579299591638	14.4596361031165	14.3292318501741	13.7038508598524	13.5873757839249	16.0559275722287	14.5049358072462	12.2384044816872	15.9958932916599
FBgn0052039	29.5573385321728	27.211305281806	28.9433561394777	33.240959548138	34.6343233003818	41.5255750927574	35.9729707821527	29.2169972934354	25.5308308671409	32.4641933752579	35.0467198557549	43.997511200089	29.7331456712302	28.3168468037864	32.75100159809	29.1953980548455	31.2695508504068	35.0387693805575	33.8214719240427	32.7814867424616	29.5357109307154	31.2273794287739	30.4202026459474	36.4958182445043
FBgn0031904	20.2320720577003	18.9566303069266	18.5754579197922	19.8598164667772	21.8577654833023	21.6058566488705	20.2221843136116	19.191135616078	17.7760763914261	20.5162343870712	21.0607250157917	20.1377249427672	18.0692884513726	18.6663906546004	19.1475713969047	16.2712709175978	21.1963827044124	18.2445366273655	19.5269225933914	18.8128490062974	17.0228452676681	19.1730206500674	22.11380691293	20.4425562530344
FBgn0037017	10.5565175702041	9.03272406513061	10.7216646420107	11.3608906875346	12.7278444815986	14.9506348602767	10.8664645087379	10.761149956897	10.4201096186325	10.480914564204	12.4603147450217	14.0547022845118	9.70301321262642	10.2628055777501	12.821914361068	8.99821946469567	11.2924891313202	12.1423451188927	9.97992076535054	9.0769198774601	10.4953459700214	9.58283362822301	12.1640858023374	13.2655214123301
FBgn0010213	89.1433529647325	89.956088183139	91.8409892442959	91.9375799213894	98.304053861066	114.545472859641	93.344293614312	91.1734040745978	87.1341349361731	93.9593328347602	100.108310755075	105.75780166639	91.2164217582515	87.3773959358054	98.1141336733933	89.9865155206492	97.6182773525804	104.631061555737	96.4201277490469	96.1820761138416	93.8933703162359	90.6060122118439	100.060368239438	109.234548357849
FBgn0017482	6.88317277943527	5.00900519595526	5.29542801908515	5.92043533261759	6.24694720943166	7.63740479328442	6.73265112808325	5.94993778855595	4.17934097284237	6.21476803149338	6.15886480616942	6.84628898196747	7.21390464949067	5.76513525249606	3.75012598894739	6.8998083301842	5.45680492479639	6.41545946380114	7.6161212578862	6.09801980052413	5.16552462451709	5.82408238166182	6.41992316399796	5.03251818527181
FBgn0260861	18.264955696814	18.4061976520716	15.2199445134306	19.4565626770814	20.5295916756492	28.3944690146106	20.2177078127254	18.5262078085648	15.0539123410496	18.9460482005844	21.6669504344335	19.6511063965923	17.6675667825795	18.6563214482365	16.9332912538726	19.2699882092603	20.5849135727265	18.3643049706652	17.3550604681978	19.8485442019761	15.8261111937848	22.1307762910004	21.7895748819527	16.987664327004
FBgn0039019	15.5089161435752	14.2402154346397	15.1561806466325	15.9288081701923	16.3004774030121	18.148441491229	15.9748548086587	14.9111195623237	14.3715791644921	15.4344961634071	16.7714706550417	16.4423557577979	15.8061517941419	13.180243916332	16.4853629070531	14.4184783362546	14.2612571379134	15.0568474351749	16.0528948619127	13.9352046891544	16.6406305552766	17.217088657799	14.5773740692808	15.679755569366
FBgn0026438	128.899950958218	143.723406021328	142.164516378959	142.848207404961	165.344639589866	172.952972046444	147.043652636043	160.330001461909	130.115208871915	149.01166476079	152.094796969807	159.911124186985	124.429141617575	138.73074111913	153.507191859277	124.487101363616	147.717883061645	159.840325958151	137.098204147563	147.240826478441	135.317825957508	149.736795543624	148.797570987786	168.812385538049
FBgn0030605	35.7437513712234	32.7872389192438	32.737816793394	37.1109431354825	37.7213801149713	46.1403718857611	35.3829387356497	35.9388770883017	30.282414730563	34.961248466508	35.7814643588564	37.6834768366895	37.2789568779603	35.5602247051764	43.4434243234569	37.6604327577562	38.2810480178122	42.2742141606216	36.4663417159664	35.3089704298776	37.8047870911857	35.9813145788147	36.7784235449348	45.9104327288399
FBgn0036193	11.1118856411719	11.1343695753342	10.6020105723211	11.490944559051	11.8850519135832	16.2106935795011	10.835286434587	11.2037928432619	9.80883004247491	12.7592019155345	12.4987976337818	14.1288499937905	11.2545225934925	10.2147037821183	10.006669952528	9.78471797053843	11.6313347676968	9.99195825217557	13.6973787196118	10.3226858977661	10.6994084415955	12.1499630327387	12.0077617646707	13.1615034456002
FBgn0038425	6.25759112667185	5.94168812994086	5.74705471904488	6.09800626426121	7.46960635538389	7.63990843421093	6.70689347339818	5.86449146789056	3.88393214696309	6.87558200827659	7.16813589016142	6.33906657954592	5.34649493893337	5.83468747102598	5.45486934338185	5.60281316986964	5.52550070000195	5.18747585919399	5.74429341965148	7.18234250313208	5.69191384774062	7.24565650831753	6.96050018563441	6.05858718002853
FBgn0036777	1.77961845751886	1.34333366235002	1.49574558278247	1.39496442811314	2.13074567772972	3.00630769627904	1.82600004785098	1.27446886745498	1.66955841604585	1.95906044795733	2.30487314978618	2.63365343459485	1.99701231707453	1.83420208354551	1.58547833657923	1.4430827231261	2.44899904872305	2.66177527047646	1.45640539004085	2.31573228798122	2.28515506143217	2.11846880844768	2.53823864449934	2.28424601197627
FBgn0030573	2.54456058931795	3.13939513777661	1.63727012143116	2.40509119942953	2.73838979872702	3.6244370130921	2.47101010939656	2.09513999911891	1.66612311066304	3.29911221270593	3.3014805773398	3.8665371382184	1.63055719491776	2.68595413804219	2.13599164789146	2.12641746745361	2.26164842705215	2.63676676099078	1.90203736808764	2.58295626547689	2.84436948694267	3.19483013711792	4.04341225510288	2.16108636822818
FBgn0038788	18.2379849048638	18.8882563120105	18.8581770216106	19.4148175157491	21.7619855901009	21.296598201841	19.5379579205643	20.5588282076107	18.3681869937474	19.3672557492013	20.2266401523868	21.3711157092044	19.1128419731629	18.5856271629814	20.7195144719757	19.182027104967	19.8533664676887	18.7770103872393	20.8755775134006	19.399201768961	18.1412853424899	19.288105342481	22.1033465874948	20.4613359731355
FBgn0028515	29.4229085135277	29.4692872780893	29.357213640697	29.6456231294965	31.8860091384846	33.0502752433939	29.7303590998636	27.4634710174742	27.1514323541758	32.3463781366508	31.3003807884312	30.4618074089657	29.7953135973692	27.4520104198422	27.0157206271574	28.4505519882146	28.6604176271851	29.1533177711233	27.2714281600212	29.5859339426035	28.0587359694401	30.9232582453915	30.813453301458	30.3970767774676
FBgn0053198	10.9211420111218	10.5041593751697	10.1659406067732	10.7208255643122	11.9165410844777	12.4582075921162	10.8464999213478	10.0190796777427	9.06562837351458	11.6587980777093	10.8362484913011	14.5594564750367	9.87860857716898	8.87524761075006	12.2007375466352	11.2969946982657	11.5172055178469	10.5452809191462	10.9488998066378	9.96696656866194	11.169501935078	11.2189665915795	9.59267399018771	11.699510418208
FBgn0039764	8.55562401046036	8.3824258921708	7.57853460889873	7.70407373083191	8.86794897338885	9.90529370037592	8.25102506094156	6.87863567049006	7.87786470802635	8.05207048524837	9.96263469166697	9.25595591143842	8.13506252681795	7.19368586536516	9.30120777777487	6.49812045954769	8.65326354698214	6.74095154548946	8.46123717062329	6.87026730459327	6.76538010960789	7.94540364535413	11.2713255906222	7.57695672756175
FBgn0051759	1.8712372293802	1.82671373055719	1.61577262736253	1.73022381041392	1.98698173916648	2.00730090792873	1.77764590717621	1.37857752627795	1.74172986297873	2.05156833346045	2.10227275505563	2.80204160734091	2.0527914060913	1.72294676765004	1.8764658580977	2.18535112629942	1.85034898983588	1.81785418659481	2.01648135364285	1.67600551525875	1.65504773007195	1.60885367770934	2.5140626311257	1.85007706940673
FBgn0262540	8.82552111495052	4.1175520289017	3.39317122932829	1.71477770137872	3.68448976700801	10.2620004647179	6.58085789134774	3.56058410550498	1.59625343182879	3.11693051041872	3.85470164705619	10.3009831917621	3.69242306720086	4.11730776257305	2.74763789148123	2.68104985758207	4.07869196408038	3.67446206692908	4.46413660041487	4.79929938359577	3.61402240693892	4.00693534616596	5.31270830495361	4.81852547651392
FBgn0032647	1.82182715464062	1.38526382128044	0.867302519820065	1.00420307383486	1.70694765038586	2.36293661070686	1.80968255321818	1.24422802388782	1.1140686555501	1.05894009797459	1.70076503072505	2.60112851534741	2.40615101009213	1.22209766417496	2.11143679415823	2.21643416395311	1.96319308883614	1.40507468732557	1.79731375013145	1.22069887705865	0.83329295463152	0.746460739125075	1.73318693418683	1.76459807160124
FBgn0264005	2.59870017632472	2.09816896567298	2.02582031391482	1.84219751445666	2.59172622183262	2.65865491132591	2.32730597537492	2.12667038831166	1.95414971224043	2.09867794562324	2.43766593519511	2.64221436479005	1.99049402251929	1.55442452244144	2.28631511901967	1.83557009348579	2.2418342355761	2.3001582383111	2.26199740751296	1.87498702625356	2.17866598999864	2.03925327901144	2.18270521734429	2.68158631904398
FBgn0039299	2.6802378334452	1.72761822675585	1.0473098281754	1.30232482701612	1.72750035824245	2.00931253083835	2.83107837750305	1.4447952443512	0.736044762073472	1.4414678635767	2.22600672592273	2.36418508139946	7.54230787177551	6.55176339504727	2.66433606897723	14.1039981616888	4.83085952872238	5.40854410108137	8.28298204041125	4.50639077602536	3.8609864020233	2.65672111498545	5.90817416711527	4.0254861536228
FBgn0014391	279.996661753643	252.363048204706	252.774355732091	276.314775343577	274.216688810457	294.704699456905	271.797933313038	266.673507165901	211.131120583221	273.985118378051	294.841845981498	330.247760276066	266.693934800749	278.135922902544	268.070237951376	271.598189900132	277.40049224794	277.851934206164	279.947866268933	283.067696519651	262.21740352568	294.640014565563	283.140520793901	297.420808079224
FBgn0259918	9.38503914626181	7.25250641454276	5.32483986019627	5.88351581739291	9.36931711322709	10.1393089035884	9.235688025972	7.23325855548137	2.64449543520273	5.44736923929748	8.23442529808021	8.28528016239237	8.95208898758093	7.85233903613695	4.5374713975125	7.16644939698928	11.1018684791652	7.91589060119351	8.87709624132851	8.12473747238989	6.50129311881078	8.21686090903338	10.2283430049326	7.389540836774
FBgn0039312	11.0086909973202	10.9268248336925	6.59730640977267	6.08517645937111	12.1055992686806	13.1037924748526	10.1315053675405	7.93291846068916	5.73082551539549	10.2459335776945	13.3410145369397	15.5197434538625	4.86285466820098	2.96206547653312	6.4028932823392	9.18032535917276	2.79321320073252	7.15771501304594	3.50301587983586	3.2222619962633	1.9427366399598	2.0326459782547	5.0715772143954	2.63989908286182
FBgn0037481	9.27374955818445	8.33307603410083	7.76978763230108	6.66205932377926	8.91120726106392	9.43528641614522	8.60320295988418	7.67847702752379	7.06026293765591	7.01887798395987	9.19732630527724	9.53380824649098	9.57066179625641	7.05468845079839	9.22070952006006	8.4425312811732	8.36997553990081	8.9789877231109	8.53002771672591	8.53820837253767	8.66138986180484	7.65946126616775	8.89121914335242	9.14778921986114
FBgn0033054	93.7624202446111	87.0262457508393	74.1915093718661	75.0539498168641	95.7429305485086	90.6954435551377	96.8667291062334	85.9001730750809	73.5496976981285	69.8016252841657	91.2666285372734	95.5045847061012	78.654358001437	77.7436868101465	90.3475253060595	77.804637858271	92.8424916704827	79.9303876453749	82.6089303288604	79.1949271828366	81.0625416791477	93.201954301215	89.1106910936687	79.5005794744961
FBgn0030467	14.5468812117413	14.9694991949607	13.5509928114302	13.8460855254328	18.6316604329661	18.9610996999515	16.3386520132324	17.3132401966105	13.5966878120738	15.2808393815556	16.6315217131413	16.2839224353785	12.1439869286656	13.6023960572851	15.4323088876874	12.852708853039	15.6273478623754	13.2039798880716	12.6094616861086	15.6104111642569	12.3242224775951	15.3265693858861	15.757235970191	15.503876424362
FBgn0052195	4.00810608126713	3.18402720638463	2.52243126022048	3.29248882282644	4.1277701611267	4.06790269883023	4.01657438463492	2.94578943814446	2.64779572756852	3.79799333511009	3.97047478662712	4.10965992470561	4.49923350962088	3.24328556108202	2.4108524031029	5.33456646887318	3.84617266444772	3.58187836236022	4.69860275500983	2.86665053830035	2.69540070664665	4.07104176472579	4.14468676713929	3.16904736917875
FBgn0032229	44.5729054243215	45.1167622443407	42.5383678868514	42.3619744719709	42.6325703496842	46.4491983800622	43.2037716488876	43.4748834424331	33.9208485559841	40.8291369796679	45.4362704780666	45.0721121181416	58.4128034090836	50.0341822752914	52.9183365823151	51.5986509208829	49.5649169174643	51.1537239745846	55.6497368975121	51.9141235451083	43.0299348707026	42.4425706454092	50.3320024713013	48.8167891680185
FBgn0086856	14.2735910007026	14.0960369034534	13.5970663839782	11.4714793791091	14.1963385069159	18.0459923585718	13.3514170293324	13.5156866045699	12.128159313602	13.1808328888491	14.6569751134038	16.4111012066064	13.4297664561003	12.6294659878555	16.6968435779324	11.7933455491243	12.8402527997219	15.6608651789201	14.1212484298838	12.220368051994	13.4312755402886	13.9845024433759	14.688065729999	15.6834982010809
FBgn0039158	7.93502594262472	8.04748253645731	7.76687409500918	6.96901644114584	8.31894994735968	9.81098255463573	7.60200051135548	7.62115409268612	6.45455850372668	7.95237259868666	8.8997845747765	9.05267647184607	7.37491637322599	7.436943373038	8.01311001976651	7.00914632909484	7.61834736851669	5.39260092123969	8.69336142415095	8.12700004869641	7.15960739029415	7.97474278654809	6.90632146288304	6.77243229301001
FBgn0039303	51.8395233174808	53.9528489406129	48.5974051709671	49.6671845352643	52.2760914273597	52.9908963475161	54.8457226635546	56.1144891821273	49.6062484397411	50.4852748025678	51.6243218917243	50.2734440434754	51.5051461752784	55.6650199953342	41.8947396992323	44.7392702789828	51.4624925032261	47.5619432005834	48.4810254170194	51.7276284446447	44.2873262194015	45.8522872760821	52.0132852355317	43.1286122606354
FBgn0038751	1.03018120727914	1.14696187706028	0.486714656889439	0.494063165776267	0.886228255231959	1.27045532909846	1.42481758640221	1.12846627241564	0.661126167234345	0.277835019938282	0.517244310467604	1.09870403175836	0.67514444875828	0.420141580187046	0.544260540804589	0.307461914052627	0.367236279077816	0.970464954843889	0.414501501436285	0.55921173046972	0.508041488515376	0.499740841895506	0.255116983179107	1.14536196630235
FBgn0036579	55.6512619714892	51.9282575288314	46.8494909075467	39.2418027629251	56.9387095362261	71.6500643349211	60.0558968285047	54.536981035984	40.9989768031525	36.1175578371613	51.1959031856604	68.8633024907438	46.5549474508125	48.8976364069274	49.4615400510668	38.2461485138933	50.5379180707001	51.9989664143831	46.9159898492849	50.1975118443447	46.9900550332929	42.4476593599289	48.2722744155624	56.5368048962238
FBgn0036382	1.82296878040689	1.828590369978	1.16007986297894	1.18495493417622	1.87002164918584	2.64960366476425	2.12433107912301	2.21226910094702	1.63059809764251	0.875598283044065	1.8903654132685	2.19975071603646	1.36111544096013	2.06171319764432	2.57285921963505	1.21250487330891	1.51135868798869	2.50970721131403	1.15262055747652	1.63277305631551	1.88792215287854	0.784742924938133	1.11732671271073	2.14984318968132
FBgn0034485	39.5647899548905	39.2695544606322	35.7087489276369	32.7171706950888	42.2174026158745	49.5993923388364	42.0423350048946	46.3978348285615	33.1521857245903	32.1041154405375	39.5942187291412	42.8994075604781	34.6846726468729	37.5102355899004	38.7501066153056	29.1245705688269	40.9585373459842	42.3083382793283	36.6819827354864	36.4180912310751	35.0649004554229	33.4080866291741	38.1998215636406	42.1906683055693
FBgn0033891	13.0915356786945	10.6290475746068	9.9095943784456	11.4664673866689	12.488143112675	12.575463237897	12.3224983179967	12.4257989023252	10.6739129522193	10.4869780271947	11.7718433532854	11.7671295787978	12.1596117761719	10.9722030716909	11.263395847564	12.0818347466441	11.385515787048	10.7144306826847	13.271701017794	11.365371492898	9.17031134694832	12.3622708659018	12.4394592251942	9.64336264433316
FBgn0267693	0.878143817126993	0.769306144864579	0.666236716550312	0.634027202866585	0.808144497102584	0.808660985190395	0.939904553812976	0.834135263551522	0.714146444835498	0.608500734650099	0.561364317532455	0.676779772908094	0.704677958548819	0.679981252265311	0.870728202184285	0.625562255297671	0.653496203781873	0.891699029536844	0.539018724097259	0.80948869393926	0.640111552003089	0.597553115124023	0.739900336038918	0.685922348729678
FBgn0035922	1.59488514485698	1.54133880495612	0.604127754538222	0.321955718870693	0.679423139200345	1.29150967707403	1.54878501726868	1.44131305963013	0.689315424198368	0.514989184932607	0.667703150056369	0.85098062343671	1.34920188946559	1.0307192428463	0.685689114046642	0.786857439179561	4.84999811609098	0.784179002069475	1.23890200040661	1.39933328424002	0.577858346212753	0.612998720512965	0.465490764611444	1.02004428391892
FBgn0036679	3.68573270593984	3.39342796121864	2.91106182844902	2.40464230413679	3.33935927633551	3.6701476381139	4.87379971497029	3.68517597308124	2.7438881405141	1.70605666782148	2.04181628174726	2.44455978448781	3.17997912010446	2.04874062022094	2.10777197801563	2.0362117276052	2.15252725377072	2.01122241544593	3.26256371729758	2.03690404393003	2.26238962874186	2.65842687493086	2.40323883632806	3.23684255525052
FBgn0001208	261.279090616968	218.718790965479	190.191299736003	216.790945949331	212.892830039728	212.386867921788	263.596843533789	191.927436074969	182.025722311332	191.810598197533	234.61737258891	210.98226879462	225.766255354187	189.511780306595	130.835955838505	161.799040465796	187.353936681438	205.483794698216	236.719945643187	224.563963398137	186.288757827178	170.318433863035	197.670503845331	216.998820484284
FBgn0000352	8.54433849282293	7.86386088135756	7.51633352666443	7.32543555670765	8.22189012523308	6.47030656006843	8.30732535791418	7.71233132472682	8.93472947565725	8.50006516897518	7.39701302836313	6.95194505107245	7.6995301009648	7.56826649083279	7.01908126067559	7.16352868673375	7.56968318186201	7.93986218619234	6.85512788242113	6.92709882502177	7.11726436638402	7.64022531888052	7.91097652214604	6.42908448525005
FBgn0038478	6.90379836959647	6.79947644694917	7.06907965810587	7.74121163610143	8.05205827661454	7.85203646399392	7.61307101333683	6.69255375566656	7.86806055313114	7.77934627669748	7.51249460364644	6.73767806768227	7.92010790735178	7.30173873395588	7.03500567856347	7.3229587345892	7.82893643703482	7.70562510630019	7.44384243649134	6.96099837923471	7.45479913480183	7.59947379645373	8.16084842933623	6.98766458261257
FBgn0266117	4.65832115328161	3.43229082641733	4.59724361824391	4.4954003165108	4.31642260495416	4.10368150851092	4.79950614736746	4.36378563628169	4.34160684999521	3.08974797689763	3.31683630095533	3.59889448542243	6.04064560814882	5.03710096957493	4.58072770571071	3.61137743974182	4.76709698550198	4.72410491317975	5.83322500548396	4.63024061597937	4.83270438137182	4.27958641623237	4.46844070610439	5.21073103855575
FBgn0037896	30.5441854281619	28.8097112063496	24.1375267749149	29.1899315853973	27.3986202509772	27.4066139153556	29.3428942345358	34.3955733343144	24.8499208399873	29.4064773426159	26.706296387968	24.1453966050025	26.5241232083963	25.8983109165649	22.3165787959362	19.2859587342411	22.3322757858684	25.1888137043744	28.8457665074562	25.617931083684	21.997586049463	22.5871356890798	22.389989053229	24.465148905599
FBgn0036359	16.8720413850271	17.9679212972906	14.9771071399108	14.8749826539199	12.5562700929515	14.3298204687502	16.2418826650066	17.8328593728565	13.3740152396466	18.8607056411223	14.9326280021096	16.5234528259635	12.6919046523328	13.7637001235891	11.0307759945164	9.85212726233334	9.37739125238792	9.17879888690843	11.1037857164035	16.4257950109818	10.9614493423673	10.9833079308486	9.29204237157233	9.25178596560387
FBgn0004101	3.48749794483352	3.64668919904686	3.82326744795446	3.16723518438368	3.76337170793033	4.26411983148647	3.31737362213289	3.77833637912489	3.69948187251794	3.29746656064648	3.94239993124094	3.57870806324918	3.75834754821056	3.7458716695351	3.84459977353732	3.28692135589931	3.4468291766809	3.57424714100991	3.81824144497757	3.5985759249106	3.43977085694876	3.30325831083851	3.59382271819503	4.02197524119791
FBgn0031959	1.62724250852935	1.96943062119049	2.54414484265791	1.89363453771517	1.58247020473405	1.98670439051712	1.61738843524138	1.8511688836928	2.25631719061578	1.77953281884016	1.73703248201984	2.11757612032245	1.75962167507974	2.06119615358222	1.76617201847597	1.52553550508763	1.21611042103708	1.54734400519584	1.89795776310742	1.98901445042071	1.64273745769951	1.2258533190697	1.60360317649759	2.00472939838897
FBgn0086254	124.820985563261	129.448418239321	110.437111440658	120.099008455895	94.2439673803069	99.5111700635937	128.792750980019	105.864288551237	119.162307920617	132.549467987935	114.500605137409	103.617273701953	98.614941356535	114.914336092901	107.147641115531	109.286713458309	80.7612375315468	77.0872024420309	103.410176135555	116.314845040842	111.842231883376	90.3777746717949	81.4397231485946	82.862956604252
FBgn0262904	4.86491728844857	4.8145787905836	3.67753017758345	4.57882431152148	4.11126035084932	3.7197429264461	4.86745745146069	3.99679326266703	3.8822578939469	4.25685802358332	4.11757508466473	4.1804556456239	3.10858791716669	3.50130412683833	3.19134465418221	2.82471250439911	2.65915708416938	2.84140659530786	3.81047869898116	3.59150949647481	3.09711033062961	2.83196530199083	3.55404747161177	3.96648687384731
FBgn0034870	3.70628411354449	3.66793427861933	3.25195720670464	4.3326358222923	3.93859250956029	2.74243115867461	3.98088249348301	2.68967341854928	2.53365617862897	3.83167492056646	3.76608781608938	1.63759219971603	3.64345193898865	5.201489116981	4.24252134201891	4.17322521691389	2.73049319225444	1.96393662197934	3.92696499081035	4.47642562519971	3.94634630642756	3.43719656131307	2.12249265962445	2.31787691025411
FBgn0039069	0.593988611731364	1.01035423708169	1.12086203309573	0.807873993050763	1.23989560114251	1.10794774520922	0.624887662923385	1.43144860492845	1.43570182940113	1.07687264848306	0.898258742475101	0.696847744560012	0.691376075048716	1.23439594429173	1.3663954053381	0.819912597090234	0.737573168414647	0.538573636287477	1.02967436467902	1.50737873243636	1.33649258210001	1.1419818362464	0.632057495369968	0.964803543359741
FBgn0011666	17.4945399765893	16.0699775827975	16.4516406326077	16.8425059162769	16.2177050825335	14.3111683383031	17.7479549060853	15.7293601908825	17.4816880784291	17.430281970415	14.2590441796322	15.3534948672506	13.8276921632313	17.3511703072608	18.7820960302245	14.7928919807889	14.9661663605302	12.8501796318588	13.3612336298776	15.1898439211955	15.7602803224337	17.1260675273762	14.0608279881302	12.6481056230799
FBgn0004795	15.7904847256348	13.2309238643685	21.016110791186	17.0440135855558	14.8701064402557	15.9767135753085	14.2955413539107	14.1023625996905	17.2827244268912	15.8091801575459	15.1708382892853	15.4066078740315	14.6520696787003	17.4425633745328	23.821402704651	17.5481856824635	13.8642563970812	13.9427656004001	13.8326412752413	15.4331882909794	22.5785585709363	15.8250062811541	13.7782830367063	12.7703840541002
FBgn0040512	32.5305584582536	32.8017802343154	34.4390239572805	40.0152911629429	31.7497146211061	30.1804325505119	30.4302780415858	33.0684533273778	28.5970274739721	39.6500487953306	33.7404202847461	30.7498975399	31.6822445672651	33.2243989613277	35.0853802069304	42.2104636780733	33.1001501419282	28.1598953838819	32.2849487839702	34.1650110489542	33.4304436175687	36.0320597958375	33.6375744768209	30.343554788634
FBgn0028554	19.7937480917689	18.9510792964227	19.3639206406721	22.2562565474259	21.4349293764162	18.7755630704587	18.0268968070403	20.2843706926038	17.6215594804317	22.2772448120134	21.2472362750439	17.9796076991765	19.364121315358	20.1072300375339	20.376648660803	19.950144214594	19.6399140275774	15.935691672468	18.6101973309475	19.4426997313648	20.5273236879855	21.9601217348891	20.5549766301778	16.8014729961714
FBgn0023534	17.9573275874724	20.0037509514211	17.9200114389608	20.8907340229519	19.1518665849393	17.0496475819944	17.5794719211355	19.2833181452006	18.1079317540588	21.639939429105	16.7495964425656	17.3994171219828	15.7232300938498	21.1231107570318	27.8060341305871	20.8302119260762	17.9886574470997	16.7528859564378	16.9896270172039	20.0233374361549	21.7002684702359	25.8781241106551	17.5269543466092	18.032722109744
FBgn0035951	22.2431832978428	24.4521496756982	22.0186721020986	25.4593159388733	23.4363789670699	23.9507512539939	23.194548226869	27.8308376706279	21.7733844559332	24.4835313941698	24.0683810157655	20.0771466436729	20.210955279444	23.5839875535411	23.7371589658363	22.784526118165	21.535305998077	20.2297890813965	21.0488879882028	22.5313832053077	23.2707784251677	26.7305982984617	23.7769546853381	20.422582436298
FBgn0035157	2.65107707910336	3.3286127251424	3.72146002556171	2.7324982316046	2.77158788251743	3.46789986634725	2.14176744912949	3.92589711222574	3.97954986486686	2.5114529010077	2.97056351277928	2.86746650565871	2.54955796688235	3.13936965190594	4.02968097057752	2.83245289391515	2.69060998998463	2.47589152495769	1.75509474471965	3.05290590064574	3.2794822570946	3.18871144738883	3.07226633727575	2.63942258488935
FBgn0265530	0.754354746914968	1.34049505482239	1.54838876292127	1.00952563874414	1.59317012437449	1.12866859107578	0.818732504911776	1.28323321804212	1.59348559085212	1.31641479322862	1.19037108083479	1.38325226679011	1.07963323805181	1.19440794367435	2.44983154417566	1.19191948350845	1.1484055484695	0.7242127779506	0.824861752631153	1.23206889662754	2.10079413300719	1.00284586320432	0.81592250410484	0.949700298277494
FBgn0261611	3.53279398702737	4.48757047376542	4.25391916197037	5.2695628977844	4.6094053336231	3.430579909514	3.78234273506842	4.39985207700517	3.84572280509327	4.84636230490818	4.48900356525898	3.34207994638142	3.4808139097569	4.10923110428855	4.89884540883568	4.45288239790178	4.32944816180917	3.50236981726727	3.59733046859531	3.22186923166484	4.32777843822204	4.51644048242478	4.50488855036372	3.52460336185624
FBgn0030029	3.55594289950256	4.33390810531484	3.44352820086787	5.1995848597617	5.55088704726682	4.35194606996953	3.35306688262419	4.09842761173738	4.17585285963649	6.11549657107471	4.22878661702367	5.3377214104668	5.99074969398582	5.54870525732259	6.58892068210337	5.95243081305279	5.17333132383038	3.92511102648753	4.28813754404303	4.47738062995548	5.71838988439703	7.18230167534357	5.8435715628901	4.53007471618463
FBgn0265959	56.0654237625845	48.5078943846432	57.7720793410243	63.0174700908121	65.5267627180289	48.4964974075397	58.7692845584293	51.7666865803039	61.8622487072737	61.9245096083868	60.9812491173279	52.7249679550012	42.130779289782	46.6410182989413	62.0461124919124	55.614189331298	52.7038925304168	39.9470910685675	44.0379619958363	46.0870300531337	57.1327905320388	65.0363473906331	51.0091940485335	43.2351041588413
FBgn0002565	263.685920854647	285.485823755986	222.756190463548	451.123040502948	228.665631360242	153.654891521289	290.023364339309	290.842079343604	323.178780930448	465.25818979842	507.958483898107	208.153372660715	102.002312888208	192.935870144105	287.289649479342	329.709373833537	136.105593074497	106.335896125272	112.960723398417	233.030267073472	334.599821793825	203.003918022311	148.351697279282	101.492502901155
FBgn0260799	86.8482695352104	81.8871450515003	81.7703498343092	82.3604217392176	83.0284429206787	80.4376252674102	88.7200304574221	77.3838916671434	82.2469107845854	86.944367787084	79.3336361327096	81.8796099858014	67.4230845469457	74.7049376172698	74.8138647484942	73.7040392486013	72.0921060751151	62.7591734629384	67.0841477144513	74.6091543346637	70.7594629172362	85.1402598507563	79.3311675878113	67.9833825330728
FBgn0027575	37.2297033385144	39.5687147862641	36.1444969759165	40.5217278279664	39.5957924246605	34.0891310416056	36.7484063129836	42.1695296483373	36.6718375839193	40.5470610543525	35.4636417829719	30.4892730263077	32.5109717537326	35.7778789717707	39.0055377830605	36.3066206364483	36.4607243027747	34.3990951924321	31.7407192445966	35.2656052558544	34.3821489767459	39.4646439685952	37.7433038266271	31.8375492242081
FBgn0011509	21.4361854897115	27.7288560228267	28.1546101911545	27.5476943184244	22.5706881007275	24.3496475784523	22.4049861126184	25.5960509547456	22.6710179040353	24.6457205865664	25.2678240124212	22.2048845406429	25.2901575853147	27.8752343461027	27.4229189998899	28.1730910376384	26.9386415184676	23.1496505902387	22.5185701145927	26.9875088427127	26.3330090796343	27.8465335510838	27.8337405067694	23.5577073737231
FBgn0011573	19.4087898954308	26.3201606161541	25.4645811065047	25.3176704355695	27.8533965272176	27.6147581949874	21.9988922365048	26.6661448477584	28.9011858022835	28.4596457746767	28.2103863555509	23.5117986216212	22.736708148127	24.9928782811344	30.0929738652659	25.170809159834	25.5195400562808	24.6530326882355	23.8109800010878	27.1078840927604	29.3429007341782	25.2159554062581	23.4511456825887	21.8359064191744
FBgn0037313	60.0754146805355	63.0634945361248	63.8629729135435	66.978204554621	63.999294597474	65.2473762927817	57.1155767816426	68.4148590754129	52.452670274371	64.0402382670438	64.8248375294623	57.8369589956112	53.9581727024074	61.8968499769425	66.2047519749363	64.0818558351118	61.1002059200467	54.3994091337623	53.5961686227286	63.2221305489889	61.9130671809198	64.8007319479634	60.1621762387441	55.7896722879052
FBgn0051064	17.0677711656952	17.4874747060805	16.1023686366135	17.7949358543498	19.1516582214766	16.0570024195567	17.6058056673161	17.2344763984004	17.8688844139589	16.2239086092933	17.5460961699526	15.6358202593024	15.0192227662305	15.9313343839939	16.1411937060343	16.1743973954595	15.840367607535	15.0313806750119	15.1576548924031	15.7543295600066	16.0577273229742	17.7302106373876	16.0647319985676	14.5058842613189
FBgn0054057	1.87611489218678	3.09481954758506	1.96140775579214	2.76470642506414	2.7813112689265	2.18147933076389	1.71034179358859	4.18675579302483	3.45498569813042	3.86196484088715	3.53448348515341	1.6555595122521	2.17365030451027	3.09179423037332	3.17076551348441	4.49090227340405	2.58235793109108	1.9341800064948	2.84693664466113	3.39504190675259	3.28547491539902	3.31701486336506	3.20720635299517	1.87303184666999
FBgn0035382	3.4409331554735	3.83099509382861	2.82911831853995	4.0786992103383	3.5616325911748	4.22419001958247	3.97662907477276	3.31519809963083	3.74441288141444	4.44316811409514	2.8270803697851	2.85959056993486	2.61382684214407	3.10682657923017	3.65645350954538	3.10634475870822	3.12229215156963	2.47530700356573	2.94518034227749	3.36210591619426	3.19750527272827	2.9991979308171	3.19545901151653	2.36929534126027
FBgn0020278	7.35603905992894	7.81551874277378	7.61278150381756	8.18970400511516	7.8756080271293	7.18610093975151	7.01353264370609	8.00604600252798	6.96683156011313	9.5100715156238	7.93452470434328	6.69894971021887	5.88837119197129	7.16478528930705	6.51881955101511	7.77243066041037	7.44722237121941	6.45445854923483	6.26341613931073	6.90230278584269	7.09989801493542	7.61061765006361	7.55342571604134	6.54279251249759
FBgn0032514	9.56300580099047	10.4576582098136	9.65654713529376	13.0616226995577	11.7702685816166	10.3345291825054	10.1045768368022	10.3213605378847	9.33012044170994	13.8910465470664	13.2529803078301	8.54504246200707	8.43887765280459	9.9832502282931	10.6183014357657	11.0911371817343	10.8610936513536	9.10727472741398	8.9036548004598	10.0519868219537	10.6661310387345	11.1047888903961	10.3256399657406	8.95715505351466
FBgn0034397	3.64140844583141	4.37703026881825	4.7686567894144	5.82808175092154	3.90612038113557	3.5247408751987	4.19918239708633	4.86760597280526	3.2132374277073	5.6514531977209	5.30719791985998	3.43284079133018	3.73711555853822	4.66455140991674	7.14582585692118	6.45283739014317	5.3744104382708	4.42190699048142	4.58876619041739	4.86958506754138	5.16288915276989	6.42934760513171	5.76051705128056	4.29103161611915
FBgn0031282	4.24931943280777	4.28463187893377	4.03403436763266	3.90463121598074	4.65314432824206	4.58320986772319	3.69805923596382	4.46968381153031	3.78441176133968	4.70724652892371	4.59852715499574	3.75930148508955	3.55715661819036	4.20969694182885	4.13266591131969	4.5739343677981	3.96989864806649	3.98823504761266	3.59700883098423	4.28432200062103	4.20834358222451	4.56994333682038	4.67287556434378	3.86924847555621
FBgn0031640	11.2144544909877	13.7554844031405	13.2791132484193	13.5578598281165	14.9124786987147	13.3114286049376	12.8818142323653	14.0289284054945	11.5690206217559	13.2717973672903	14.1325405763484	12.4516176290841	11.8133089015429	12.1664303060478	14.3507628183523	14.4804284074843	13.2534831621915	12.7102805822042	12.0409529319107	12.7182783721375	13.0965105288647	13.9825594438963	14.9562670279537	12.5801407698465
FBgn0263352	25.8333052229347	23.0089971290548	27.389923656347	29.5891629943219	24.7721131246374	25.0694460714396	24.4570484975707	23.7790480872998	30.3831520288496	32.7972826366138	23.2924043548144	24.4214519168178	22.1499776665545	23.4792165829643	27.9909737864188	27.7006048627556	25.9677162736226	23.4811018926126	20.6490584791854	21.8986764916078	25.420666082706	28.7124314892134	24.8701543487946	22.7192831455079
FBgn0030316	8.95685327439919	9.37386454079651	8.04025573478192	10.7658593968883	11.4672433502555	8.94718165517592	8.6188832615752	10.9887537905007	7.92241539120277	12.2391471375775	10.2577893829995	8.81570467513795	8.3647584099281	8.63802850794367	9.30635130281327	11.3489937977239	10.5791931128933	8.66968911013767	8.24082716531446	8.94614499478114	9.91848371682127	10.9390983894918	10.9795971635708	8.31931808313119
FBgn0023388	25.0122149011725	24.7628581018829	26.10777720884	25.8063744909315	26.6252021061228	25.1369867716436	25.6691389503412	25.3170614143231	28.9889789138616	27.2347591236782	24.9063756147556	25.0132925829964	24.4667720578449	24.3255463052637	24.9736438533771	24.2623924274846	25.966715480468	24.9191157749253	23.2292604522663	24.5785579249486	25.6344106925332	26.0782069050126	25.9408493650646	23.2236728077784
FBgn0052111	1.30244021879013	0.872136847318433	1.19653909201873	1.27904226496812	1.31437494565303	1.2202608914701	1.30119013355566	0.745168656679524	1.21651911819989	1.20456750642381	1.44902478485427	1.18720723339597	0.96257288951992	0.934674949762896	1.3341203034011	1.25005241880883	1.82242353453116	1.12146029328215	1.0948436282663	0.839246603553041	1.03277587003049	1.31469649831228	1.46448230814445	1.01702863193394
FBgn0039613	1.83718692131257	1.87036551219986	1.27978603020803	2.35570246390973	2.34831852108682	2.30763996058391	2.24662311896111	1.47580756239315	2.04668604958886	2.22048740401	2.41589936096837	1.8474229551114	1.55334418011664	1.54423658521423	1.58174140456672	1.99018459349419	2.36578134660018	1.85087806063976	1.66640893002371	1.46267357913946	1.61070636520955	1.64458108451084	2.40963557232076	1.97640076996288
FBgn0029088	11.7237346857224	11.0257698869738	10.8355037936181	10.5872936405949	12.4866677088442	11.5004951205169	11.4334305602349	11.9418083296097	9.9291931324649	12.2957292545009	12.0597545387016	11.5778170876729	10.7268228240597	10.2950576298423	9.60651242737201	10.0402133282506	12.2460466355083	11.6458278367494	10.6521963451622	10.2228175131983	10.159813195592	11.0963436899997	11.7819554850692	10.9339288684409
FBgn0037396	6.603972111215	4.65792609426578	5.57040848761291	7.31894439358322	6.29354510298255	5.13599324390848	6.95030614209886	3.4683566615832	3.56571570180116	4.27392276287068	7.52935353565116	6.77984031729566	8.13201454535418	7.44539643870038	3.51638017487277	8.97777711463582	11.3345108131321	9.27067039533062	7.1924175367176	4.02588912116293	5.52462023990663	8.13969461686094	10.1368602777611	9.03857167409777
FBgn0003210	11.8459261143764	11.6276679301515	11.824330328299	11.3459121846696	11.7639893216898	10.9678727956655	11.4148037332806	11.0722107189429	11.2813808546432	13.6113952769542	11.5488879598068	11.1055494283672	11.5528009357761	10.8165878838955	10.2348988152447	10.933589110502	11.8614851079383	10.6027278590299	10.4678925127248	10.7100142316857	10.9404335069811	12.3783902757064	11.8728054249746	10.1796731862027
FBgn0029874	6.26060173549686	5.53168058007986	5.03008999452694	5.88163552236287	5.51379905156407	5.7879499037124	5.41337732567625	4.80522596895067	6.71226308772092	5.82349860723638	5.70649219839214	4.82941175340479	6.00224418562178	5.02425874107271	4.40254442725147	5.47752910449307	5.56004465128464	5.19885855929463	5.01039907353468	4.96729881474288	4.9483981464231	6.78373294416238	5.34407755979961	4.12986260487055
FBgn0036819	5.26839288083084	4.55953764163741	6.10180324191166	5.94081210052191	5.51330141781932	5.21722390628518	4.9114656725087	5.45939164645653	6.66209686664835	5.62660856337988	5.90259849621114	5.86283907590641	4.90573821763539	4.81038745412702	5.20490714885193	5.22028172352995	5.45389435887097	5.75956299539495	5.2853162931763	4.75018404334838	4.8325533263166	5.35794374109898	6.02762016691685	5.28877337977544
FBgn0032079	7.11188579900511	5.78002051858546	8.60277922462428	6.60009223684921	7.85413148915599	10.5638868458106	6.44800292903694	6.32412873103017	8.06199343953744	7.33859588528965	9.23228009404865	10.7354478648939	7.20063182312616	6.21008343814897	6.70320220111114	7.70828861714792	8.10460211504677	9.84018167112986	7.53425286293786	6.73429143040509	7.3195390520282	6.28323688525789	8.82769985745275	9.51626679509724
FBgn0039209	17.3285539305634	15.4175495607625	18.5808591360666	17.1879894829833	17.4310583157284	17.5467727524129	17.266655135942	14.6820059131357	17.2297637929271	18.5988943382801	16.8876246278573	18.6992688443671	17.0224410594064	16.4297702160461	15.3096485556989	16.8093064443694	17.5755826865572	19.7059963421148	15.9574264641915	13.7661103867054	15.2505361627452	16.5821224265294	19.1778773596138	17.0776297923749
FBgn0035995	37.4943403364858	41.0365286300225	36.0494087810729	36.9280172226583	41.0427083665551	37.6785139409531	35.6944403727171	42.1519413426047	36.7945999033124	39.1057159038289	39.0743105637913	36.0347528852607	35.8430313196026	38.4040763360069	30.6020330256404	36.4803824712904	39.796979824479	39.9753741092699	35.7394143634629	35.2130614873538	32.6114380399724	35.0032823400308	40.2083017911212	38.4709255733371
FBgn0033187	8.4644908596466	8.40557764751836	8.47880531456958	8.17331463527866	7.62844809591209	8.4410598098944	7.7957863114465	8.83328407446145	6.30938885770509	7.87215141287259	9.16965809475038	8.66364522297342	7.93025891842436	8.00412486485394	7.50311051923479	7.53367685370395	8.83786696926321	8.73205784416663	7.62645715413347	7.64153506287447	7.35476543454054	7.62278343613202	9.0756068932294	7.76653878583866
FBgn0038679	16.8291918988516	16.6193084854857	14.8177596996135	11.9221791262658	14.470546830772	18.2724561504129	14.4016800050444	13.4496890747203	15.2961130752613	11.9781643075071	14.9025624510003	19.3394469555799	13.586644061483	13.281767455758	8.73934242771991	9.98069103151206	13.7677965215513	17.8152665398428	13.6445264647123	13.0416684544134	12.8312747730271	10.1020470189175	14.6907517839269	18.9235663605493
FBgn0044452	21.6130899312026	19.6451949208481	16.625071314789	18.4787784794715	20.6241376954039	18.8719945008897	21.4729437709502	17.5801709313937	14.983142541135	18.4197858818305	19.4826685544637	18.1269382336903	23.5020384709539	17.0858575134138	10.5122947736637	18.3811827007426	20.2031137610853	21.0631628090228	22.3685499311903	17.5424345017635	15.2727917867448	15.9690520099798	20.2544145801008	20.0663594662501
FBgn0028425	17.0416787576483	18.3441246494526	19.192822410997	19.1832855567321	21.9811289249169	22.4813052568821	19.7547240637703	20.9382794704299	17.382420375393	23.3605254365103	20.7222770131019	20.1863666848441	24.1319710528242	22.0338981013312	20.203106033435	17.8077200266675	27.571256182251	33.0949860487599	24.9469922509987	19.5877605505958	18.6042791978824	18.9423205764931	24.5953430011654	32.9121772333215
FBgn0011202	16.5954741715708	18.5609322395406	14.5724427213902	16.7103692399504	17.8824210691424	17.2988907990153	15.8121106565684	17.1005558272249	16.0776664029403	20.5173180360943	16.9611462767164	17.9384355428852	16.3111543867309	15.7002375492633	11.5800517268242	14.0124879035909	17.0985896667345	19.0638472315325	15.5205247865626	15.4632698297965	14.530328254156	14.6549397894352	17.0790101755455	17.5600394979731
FBgn0283478	41.7005151406395	49.5415062030022	45.8585498542731	41.8839893619988	48.8904028927622	49.8203097504075	41.1194176556791	46.2729273500776	46.5294426602558	44.6088390040876	49.1981657584804	47.0760915536215	51.3541563225443	47.2850855258264	44.5659373393021	49.5742360604517	49.6691969538851	52.2405643401788	51.5343772701997	49.0653907906985	46.3951160250054	42.0313899869985	47.280561948391	49.8199147237049
