FLYBASE	FLYBASECG	SYMBOL	GENENAME	RhythmicityChange	WT2U_ZT00	WT2U_ZT04	WT2U_ZT08	WT2U_ZT12	WT2U_ZT16	WT2U_ZT20	WT2U_ZT24	WT2U_ZT28	WT2U_ZT32	WT2U_ZT36	WT2U_ZT40	WT2U_ZT44	WAKED2_ZT00	WAKED2_ZT04	WAKED2_ZT08	WAKED2_ZT12	WAKED2_ZT16	WAKED2_ZT20	WAKED2_ZT24	WAKED2_ZT28	WAKED2_ZT32	WAKED2_ZT36	WAKED2_ZT40	WAKED2_ZT44
FBgn0016123	CG1462	Alp4	Alkaline phosphatase 4	LOSS	29.81566716	26.9232763	20.15101688	19.93529255	23.72801372	27.20259762	26.94753313	23.3203497	21.59743167	20.8913172	22.26202071	24.15652175	39.58968533	28.431025	18.52500678	37.74050959	19.99940558	26.47786085	35.12419045	28.28325772	19.35869382	18.80658218	22.82243267	22.49594144
FBgn0031800	CG9497	CG9497	uncharacterized protein	LOSS	14.37576328	13.08639968	10.38674737	8.390231369	11.63530892	11.31987157	14.12069452	13.51416285	10.04181979	9.83133296	11.36419933	13.09889138	9.70337785	10.3562155	6.161792228	6.164521568	8.48804349	9.588675157	10.11681182	10.97657918	7.863656421	7.961502294	11.25304619	9.199064914
FBgn0033924	CG8613	CG8613	uncharacterized protein	LOSS	38.03333565	36.8276151	34.10816222	33.18333074	35.73450591	35.76407323	37.61765095	35.53997502	31.65857251	34.32383933	33.68988571	36.20373908	33.19582761	33.6485965	34.13445923	32.26518852	35.38743263	33.23598553	34.86952208	34.50513473	29.86655246	34.55041771	34.2527038	33.3764436
FBgn0037726	CG9492	CG9492	uncharacterized protein	LOSS	0.493557909	0.264110046	0.19064375	0.105557523	0.136439297	0.281613985	0.226691985	0.229043991	0.153533529	0.161591039	0.207864457	0.258214197	0.165281736	0.142566412	0.118704834	0.211998949	0.224920732	0.207341659	0.115126731	0.137398131	0.081408013	0.157015543	0.15329875	0.140197712
FBgn0086673	CG13272	CG13272	uncharacterized protein	LOSS	0.999467782	0.773080092	0.458889913	0.325205608	0.494122594	0.695758107	1.149368901	0.582344792	0.302727618	0.208075038	0.487674233	0.59508734	0.592530878	0.426860652	0.37257674	0.176622255	0.515679477	0.337279021	0.582050112	0.612498663	0.496137666	0.433430522	0.456755541	0.361875803
FBgn0030087	CG7766	CG7766	uncharacterized protein	LOSS	57.9717453	58.52718041	55.51124437	47.52277233	50.09834461	56.15872073	53.9133644	59.42550909	58.29757362	50.74810813	49.46259038	53.94849327	52.59704438	53.28368529	54.4934471	48.42450909	46.67811689	52.66728963	53.80520929	57.4005673	59.56121147	46.85866064	45.56917466	55.19664214
FBgn0033982	CG17453	Cyp317a1	Cyp317a1	LOSS	3.222694098	3.188755273	2.250312184	2.346360857	2.060634734	2.401224437	2.815424564	3.442887505	2.371712765	2.239099542	1.862129045	2.313028708	3.206335985	2.987613529	1.905929545	2.424232119	2.00124861	2.048375944	3.170831455	2.886460892	1.825621912	2.335250042	2.215108884	2.023768884
FBgn0030634	CG9164	CG9164	uncharacterized protein	LOSS	6.711387111	6.806959945	6.181994982	6.020077472	6.752352956	6.881305572	6.608476183	6.347682961	6.026191012	5.729886335	6.207977269	6.444875445	5.521912548	6.245530902	7.646165954	4.945398011	6.080705829	5.985370555	5.857810432	5.488457963	6.228946469	7.085326359	6.398093678	6.49210997
FBgn0036727	CG7589	CG7589	uncharacterized protein	LOSS	4.996344848	3.689136211	3.080444466	2.685946721	2.883956371	3.867785163	4.535495657	3.72998495	2.620310112	3.351150722	2.896596613	3.822747465	5.344080517	3.869493734	2.240829628	4.668042157	3.185816904	3.477859013	4.115034766	3.482765187	1.639085307	2.270616492	3.017957909	2.507282988
FBgn0051235	CG31235	CG31235	uncharacterized protein	LOSS	2.703315051	2.095200831	1.963390979	1.93767255	2.420729616	2.511237834	1.712071158	1.96503126	2.002153554	2.518289887	2.720238532	2.107726929	1.429843057	2.031589369	1.494179587	1.455776238	1.736003736	2.32932018	1.664653985	1.684361876	2.318538834	1.770863345	2.101147667	2.395738409
FBgn0037602	CG8021	SLIRP2	SRA stem-loop interacting RNA binding protein 2	LOSS	7.983714005	6.615700973	5.042669102	6.129094578	7.462054624	9.335135331	6.24864215	5.061240041	5.266574516	8.012792093	7.521369067	7.788548267	7.623849128	5.565821063	6.232446925	7.468393056	7.56954584	5.834328794	6.750645591	7.364204721	3.085141079	8.303441449	5.721076127	6.922223185
FBgn0035171	CG12502	CG12502	uncharacterized protein	LOSS	19.18719692	19.81118136	17.00696295	18.08819138	17.73163337	17.68879088	18.92412166	19.85213514	18.13594814	18.83190623	16.39509757	14.5952647	17.98404827	17.34969938	17.0861773	16.41986115	17.3609978	17.42759825	16.53365981	17.16195851	17.21560767	18.59642083	16.90686761	17.09044606
FBgn0000287	CG4881	salr	spalt-related	LOSS	6.001044627	6.030873063	5.549537633	5.394723989	6.336995329	6.626344795	7.044521306	5.981472576	5.493150111	5.751063349	5.598229993	6.558059803	6.40176312	5.337751634	6.212088649	5.396815926	6.062848079	5.569217193	5.601086311	5.193138524	5.699135768	5.152356117	5.499174223	6.071028757
FBgn0037046	CG10581	CG10581	uncharacterized protein	LOSS	7.74031923	8.086482876	6.920689954	6.174474455	5.976423533	7.621108735	9.294702422	7.2206462	4.904703126	4.855933478	6.960790027	9.373611228	9.375009426	6.457271686	6.952959315	7.377514582	7.245252722	8.926376333	9.872244164	7.603660011	6.526173341	9.796753402	8.417067672	8.524767815
FBgn0035290	CG1887	dsb	debris buster	LOSS	30.78297689	30.64626186	25.04261802	17.77313357	29.67366751	29.69206863	28.87814639	24.04986402	21.6938212	21.98556344	32.51012814	28.70516237	25.8178533	28.35043556	16.9099163	14.3752528	27.24020016	23.20083965	25.29641591	32.87022982	21.34082551	20.63064637	28.19963056	27.11683459
FBgn0029930	CG12541	CG12541	uncharacterized protein	LOSS	9.8908851	9.495076607	8.060406752	7.031950831	8.081089444	7.861852867	10.07398285	9.095609947	9.000622356	7.278383997	8.32213167	8.508486162	8.930347057	9.359737694	10.52500675	8.406213638	10.074917	9.728824832	9.986497753	9.274202609	8.802838287	9.168366628	9.965664775	9.28790315
FBgn0020307	CG5799	dve	defective proventriculus	LOSS	5.50652609	6.072669318	5.54408273	4.310408169	5.631408262	5.904732808	5.924413291	7.357048788	5.544511856	4.632429766	5.149500072	5.786181237	5.220890106	6.115677454	6.086522007	4.974675181	5.289378647	5.557254543	5.146075773	5.446504601	5.487335866	4.672366216	4.785350477	5.344529119
FBgn0040765	CG33473	luna	luna	LOSS	2.352407886	2.211250817	2.076804859	1.903317186	1.764504816	2.025606167	2.041389069	2.573185699	2.294072299	2.337254381	1.812170495	2.074718404	1.56355308	2.042853861	2.056297585	1.976795411	1.884129035	2.139427828	1.673733629	2.052182923	1.995220111	1.874785239	1.880398748	1.810855078
FBgn0014464	CG33962	Cp7Fa	Chorion protein a at 7F	LOSS	2.128267521	2.201026874	2.07167279	1.309889153	1.540087169	1.684152726	2.020822208	1.837854255	1.698381061	0.982149933	1.194099252	1.712100267	2.258787363	2.171644624	2.404958948	1.609148995	1.632003238	1.948093313	1.883915343	1.652056533	1.924213285	1.78143481	1.449387991	1.84368073
FBgn0033792	CG13325	CG13325	uncharacterized protein	LOSS	1.559991997	1.747602721	1.149206507	1.028712275	1.100591489	1.144235278	1.52664387	1.453493888	1.492087479	0.992557203	1.0781715	1.155232121	1.645490516	1.503070573	1.484619937	1.678275738	1.337230916	1.146601942	1.391589612	1.483883553	0.957179202	1.434826683	1.247681496	1.19240615
FBgn0262741	CR43126	lncRNA:CR43126	long non-coding RNA:CR43126	LOSS	1.519015454	1.427000934	1.372337467	1.321507922	1.245399539	1.452373872	1.670604625	1.298322745	1.331275743	1.239708174	1.277921318	1.371050222	1.451284471	1.521319594	2.047390787	1.368262844	1.413757645	1.265885102	1.198811735	1.057280953	1.31320537	1.223597802	1.336718141	1.168079528
FBgn0038631	CG7695	CG7695	uncharacterized protein	LOSS	44.20265252	48.69540021	41.24415922	34.7971878	31.43323212	34.85914931	41.07653169	45.36173875	37.58514082	33.95115434	33.87465084	35.2330443	33.54289087	39.40329603	29.75451303	47.72012187	39.1443138	34.90120367	31.82629854	33.65538737	31.86389164	42.28793345	34.56779902	32.65541833
FBgn0036765	CG7408	CG7408	uncharacterized protein	LOSS	7.518610816	8.302301572	7.618113855	6.949370026	6.637957642	5.705830832	6.82251268	7.978133771	7.731630897	8.166338278	7.001917845	5.391505066	6.886288853	8.623513683	4.745473621	9.39428763	6.778526222	5.472101766	7.228177659	7.76913686	7.784223601	8.487306552	6.893528795	5.334796063
FBgn0037213	CG12581	CG12581	uncharacterized protein	LOSS	24.40541599	26.54382818	24.96054543	22.86636696	21.8118093	21.78132383	22.23176076	25.5318852	25.41287759	23.85984336	21.32403163	20.15129021	20.11398744	22.11168339	18.50877847	19.44064111	20.35373958	19.75996197	19.18803175	22.42002811	21.84561063	20.59761572	20.59896789	19.4957929
FBgn0027563	CG9631	CG9631	uncharacterized protein	LOSS	34.99798117	39.4483294	34.94511747	33.61777628	30.12287429	30.18756175	33.3970062	36.41182559	37.16178938	31.54144381	30.32684526	29.25967015	28.92466676	33.39258263	21.55381921	27.23021907	28.02890561	31.07781743	29.33825798	34.45703294	34.99291537	30.09887175	28.55287674	31.36447734
FBgn0036875	CG9449	CG9449	uncharacterized protein	LOSS	7.923484087	9.413753326	7.518161207	6.624994048	6.126301622	6.181689144	7.24590019	7.048143868	7.737475726	6.851579977	6.419830379	5.448715865	8.676935997	6.8213468	6.285013522	7.969260352	5.294434307	5.31572179	9.73435423	6.921770287	5.900712948	6.256755341	6.51516592	5.295997546
FBgn0033446	CG1648	CG1648	uncharacterized protein	LOSS	283.3487245	294.3698368	257.8240916	264.3337443	256.6567569	240.4378531	247.1133403	274.5454627	280.5425714	270.0205757	249.8209966	230.5225943	333.1014784	295.6984221	240.5373227	368.4392454	245.2371466	260.1551398	291.2458558	296.7863183	257.7902469	262.355997	273.3658917	233.3002811
FBgn0001108	CG9206	DCTN1-p150	"Dynactin 1, p150 subunit"	LOSS	20.25089943	22.04841648	19.99335178	20.61536245	20.763864	18.40781574	18.71667965	21.06645019	21.09861129	21.16190305	20.83233264	17.39446835	19.2936128	19.44087702	17.85436238	19.92970584	19.25012219	17.70794606	18.71472761	18.84011973	19.86520888	20.11099931	20.7197393	16.71022275
FBgn0035432	CG17723	ZnT63C	Zinc transporter 63C	LOSS	29.1361183	31.10908339	28.57814364	29.20628281	28.91720121	26.78623056	28.5856294	30.66020834	30.56180941	31.47064991	26.98172656	24.94899152	29.47634381	27.71528158	25.94404781	28.49442362	25.37057422	24.03291723	29.0081394	25.70616217	26.0525132	29.02041093	27.38532395	24.11891967
FBgn0051809	CG31809	CG31809	uncharacterized protein	LOSS	3.468818023	4.591085899	3.036207028	2.961655739	2.926820827	1.931794744	3.262176575	4.124742424	3.53023843	3.538578061	2.823324076	2.496777345	2.731000504	3.006341493	2.015892773	2.680838934	2.491333113	1.759421049	3.232161683	2.812567519	2.782094977	3.782220431	3.1331912	2.400259514
FBgn0034532	CG13436	CG13436	uncharacterized protein	LOSS	1.809465308	3.037956521	1.986719974	2.117551636	1.723629519	1.789125179	2.078896768	2.7868025	2.604784018	2.495007756	1.789611093	1.563272679	7.762370872	4.236998077	5.794716237	7.712720097	4.017377156	3.109651692	6.316625211	4.268547443	2.639348654	2.543864748	2.863744696	2.025942376
FBgn0262531	CG43085	CG43085	uncharacterized protein	LOSS	1.146651947	1.838963278	0.760097032	1.053197308	1.094184484	0.541647395	1.033971707	2.146497979	1.470601539	1.538870135	0.678530885	0.370620196	0.885667278	1.102299368	1.070956932	1.320003371	0.770796012	0.891152018	1.377502335	1.13705604	0.545284185	0.964072799	0.836668229	0.375626881
FBgn0030747	CG4301	CG4301	uncharacterized protein	LOSS	1.127989918	1.417368005	1.312604309	1.084100347	1.102140703	0.854624087	1.033235863	1.200115658	1.318548059	1.249936601	1.174020806	0.917073084	1.528296935	1.222335638	1.272700292	1.317961993	0.872078423	1.000995588	1.239251118	1.232426835	1.029703453	1.152587155	1.299370282	0.898887367
FBgn0265048	CG31150	cv-d	crossveinless d	LOSS	32.76947775	37.81194507	37.34989279	32.18987115	30.83518952	32.59635812	33.57240177	37.76680938	35.81567637	33.53558361	32.32294088	32.11323827	28.88911526	35.1148871	30.13385752	30.42861902	31.71647271	31.34239721	30.39275758	37.67974887	36.23925925	31.52699325	32.39132652	31.79399011
FBgn0001216	CG8937	Hsc70-1	Heat shock protein cognate 1	LOSS	7.980820497	10.02356157	8.674278789	6.987469642	7.729275614	7.626062362	7.977053386	10.36368395	8.854727128	7.927645555	7.176155384	7.75416174	13.62217153	10.62997479	11.281692	15.30537757	9.430730332	9.429497026	14.24041919	9.917264103	8.922034713	9.495627586	8.409685432	7.29559859
FBgn0053143	CG33143	CG33143	uncharacterized protein	LOSS	15.61070432	18.06735604	16.42908073	15.40728342	15.6728573	14.58608218	15.76150826	18.16161455	20.01109583	15.47972944	14.77612986	15.24744376	14.43189678	13.5242572	19.40896573	13.79221417	14.50486218	13.90562198	13.3610865	15.19278926	16.28666777	15.08112978	12.68351581	14.76894194
FBgn0034335	CG5164	GstE1	Glutathione S transferase E1	LOSS	36.27422691	46.94492419	50.37026746	26.34353272	26.90051236	33.61623272	37.45230629	47.33905828	45.74319948	36.743022	29.08421098	33.87510218	26.22430434	43.33210055	46.5516869	26.89879713	29.13967581	33.90291876	28.05026266	49.28734725	49.83958698	29.78458248	30.44883362	40.66899285
FBgn0050466	CG30466	CG30466	uncharacterized protein	LOSS	6.361637299	7.985150714	7.311513539	6.516559796	5.406243591	4.606725185	5.562177344	8.122355623	7.900573583	7.320742489	5.858860705	5.463699647	7.650320481	6.183419906	8.551885004	8.189226969	5.859103378	4.451468333	7.254480556	6.48872184	6.363894878	7.75997296	6.521708653	4.447311454
FBgn0030968	CG7322	CG7322	uncharacterized protein	LOSS	39.94430857	48.63240701	43.35209167	46.85645658	37.65969626	34.95365633	37.38539455	37.61685896	47.93636124	45.72287704	41.75412824	33.60339194	31.59237176	40.37956013	28.3354737	41.43379115	30.1309043	33.04860176	30.09944103	49.53441587	51.57932779	34.11771883	29.74472686	29.2773608
FBgn0034143	CG8303	CG8303	uncharacterized protein	LOSS	6.646579261	8.410496284	7.124257149	7.335506138	6.03144666	4.827146708	5.811089391	6.817755357	7.792733289	7.375781101	5.969223023	5.02882644	6.027926008	7.410695512	5.26300062	7.367115635	6.369070142	5.846563149	5.618616809	5.589426435	4.93252402	5.896599875	6.003716734	5.113096314
FBgn0038201	CG9918	PK1-R	Pyrokinin 1 receptor	LOSS	1.925438204	2.969427885	1.703851905	1.923787954	1.185452733	1.246621648	1.964216953	2.161864203	2.131072275	2.038661158	1.104850791	1.329891755	1.875270596	1.863059908	1.031366864	1.845861933	1.296486359	0.982489526	1.92818002	1.91616838	1.294832869	1.52008797	1.56953564	0.996026813
FBgn0030960	CG7053	Atg101	Autophagy-related 101	LOSS	36.83973558	42.38991992	39.74216226	37.30210284	39.02856245	37.26648936	38.03165051	40.02250506	41.2892325	38.7282828	37.10931694	35.50476926	34.24434524	38.90771534	37.50463838	35.60952878	39.82687372	32.98210393	38.24377565	37.37196881	35.55416638	40.03726589	38.98161647	33.79088663
FBgn0035589	CG4618	CHMP2B	Charged multivesicular body protein 2b	LOSS	27.14197962	34.57028058	28.59323237	29.56054319	26.19312086	26.51016787	25.41412222	29.74399522	32.62093669	32.660328	28.04239093	26.60369082	26.26055272	29.94697498	27.60358437	25.17166662	25.18482063	27.75543959	24.53154013	26.10145279	24.8965988	30.078485	28.54345036	27.21057969
FBgn0030468	CG1622	CG1622	uncharacterized protein	LOSS	10.29439047	11.10018249	11.56414212	10.7148249	10.57585026	9.72736077	9.355704342	11.7559866	13.12634829	11.29224299	10.76538298	9.909154001	10.70879455	10.58895073	13.00246059	10.07106342	11.2183515	11.76330541	9.718518103	9.855477007	11.95630036	11.76618523	9.99144341	10.70964315
FBgn0026323	CG18492	Tak1	TGF-beta activated kinase 1	LOSS	17.67775521	19.71665915	18.80318434	18.44243398	18.55901282	17.0018902	18.53915933	19.72858126	20.56928542	19.34458344	18.64263217	17.2277525	17.32627345	19.38303367	17.0742583	16.66046968	17.79153077	17.92011188	17.29413995	18.78687488	18.06552688	17.34693053	18.19759766	17.58682326
FBgn0000529	CG10604	bsh	brain-specific homeobox	LOSS	2.719593982	2.8746888	3.010634033	2.834202436	2.737075702	2.51991531	2.735305028	3.072154079	3.711512814	2.881456635	2.586405181	2.221981464	1.816142482	2.575952835	2.822292069	2.935072108	3.008830839	3.472354478	2.450338399	2.805578037	3.215258503	2.42375185	2.67891852	3.37799711
FBgn0038088	CG10126	CG10126	uncharacterized protein	LOSS	56.39870244	79.36970977	78.58896583	101.987671	72.65915001	53.0609955	52.05190375	75.70719259	76.03347705	94.89587363	75.35981134	53.59849316	56.62935141	58.33299171	56.28373273	88.91816845	59.97979777	42.58944496	49.92341414	57.94173997	52.62134875	74.08869889	64.2466668	44.82756038
FBgn0020372	CG11303	TM4SF	Transmembrane 4 superfamily	LOSS	52.6909158	58.00514686	63.01727375	54.60211521	55.69786348	61.49476363	55.8673753	63.84055592	55.2101017	52.28385102	56.00645426	56.51813276	52.47539185	60.98142584	77.64693304	53.09264004	54.77168855	62.51770739	55.1910538	59.89116261	62.19445877	64.38508479	58.50205715	63.55928216
FBgn0262035	CG42846	CG42846	uncharacterized protein	LOSS	39.50024268	44.20299787	54.92223962	49.9535419	37.8271483	36.92739474	38.61084733	45.24719575	44.82580156	55.50789015	44.76648189	35.27791707	33.17490038	46.35842546	34.5464312	45.06195314	41.77963803	35.20925147	34.58172308	58.49959522	44.40633915	49.10521896	44.24402468	36.48281634
FBgn0261555	CG42673	CG42673	uncharacterized protein	LOSS	8.630344494	9.928700262	10.93217569	9.70305165	9.578364775	9.156472454	8.808551071	10.15517102	9.974210393	10.19913319	9.80768811	8.928425049	8.705155597	9.565402012	11.53254891	9.323624664	9.408841213	9.704896468	8.49458895	9.294984365	9.936197109	9.745578968	9.599782606	9.561214172
FBgn0005677	CG4952	dac	dachshund	LOSS	8.011841676	8.847271725	9.049756155	8.148025865	8.106109921	7.253446924	8.180223913	8.773530807	9.155985252	8.077930206	7.729520163	7.484539219	8.20940709	8.896966995	10.43623502	8.262260495	8.205959277	8.16243912	7.682255346	8.063054163	8.639704309	8.366325151	7.873766806	8.342712993
FBgn0265464	CG10961	Traf6	TNF-receptor-associated factor 6	LOSS	9.813169102	11.31708363	11.44878434	10.27871347	9.75919693	9.894958191	10.19318259	11.24368094	10.81067686	10.24126325	10.17596991	10.46696306	9.158725134	11.05672828	10.61654562	9.44532063	9.922316806	9.669405798	8.779562051	11.22209372	9.864673787	10.19778779	10.86574846	10.23331756
FBgn0030691	CG8959	Efhc1.1	EF-hand domain containing 1.1	LOSS	0.591841525	1.15348578	0.822104792	0.944227304	0.765159489	0.330211645	0.760132535	1.242238956	1.318444431	1.170523728	0.466962685	0.556742952	3.165536594	1.783498738	1.733603105	3.179476662	2.171032764	1.00895741	2.636352652	1.48768021	1.045086589	0.521360322	1.033640004	0.554535269
FBgn0033785	CG13320	Sans	Scaffold protein containing ankyrin repeats and SAM domain	LOSS	0.5129193	1.151644719	1.123379524	0.862503315	0.770883123	0.469668328	0.821854071	1.066119251	0.873730702	1.090516633	0.607039629	0.43841051	0.970630897	0.933950667	0.987394807	1.125159479	0.824626976	0.67766982	1.044268175	1.056631299	0.986504804	0.482997942	0.602554843	0.686102381
FBgn0265050	CR44165	asRNA:CR44165	antisense RNA:CR44165	LOSS	0.795045782	1.428076934	1.564204239	1.179631084	0.796600136	1.011118079	1.351113746	1.544754634	1.281111749	1.022069158	0.97230066	1.558977114	1.182120798	1.919725073	2.079172692	1.210152263	1.402908324	1.143099536	1.583469934	0.605281859	1.44090397	1.347599628	1.299456725	1.276183924
FBgn0025697	CG12789	santa-maria	scavenger receptor acting in neural tissue and majority of rhodopsin is absent	LOSS	23.00945099	27.88558079	28.67580622	27.65927773	23.40641171	21.83764951	21.76443317	27.60345548	25.9819964	28.87629088	24.12046815	20.42648261	17.99621619	21.51158121	19.61760606	21.23086493	20.33180587	16.35354692	19.49699423	22.18986425	20.24320298	23.38732818	23.79184848	17.99714502
FBgn0016700	NA	NA	NA	LOSS	169.6132999	187.6586035	177.4987354	178.0866292	179.6772304	161.628996	164.3950424	172.1262147	186.0507219	191.6160676	177.115421	167.0997628	150.2562071	159.9851956	158.8801811	159.164065	154.1944523	148.6364717	157.9305865	164.4575363	152.1735821	180.7834657	171.1343178	148.2564667
FBgn0014009	CG3269	Rab2	Rab2	LOSS	95.25693361	112.8162958	108.6883702	106.7283396	107.4140679	98.48403483	103.5330142	113.0086136	110.7553391	112.0893363	103.8652961	100.1494762	93.81037469	101.8001721	97.5983876	91.26844959	97.10789744	96.5869843	103.9477923	105.8941069	96.72576325	108.1076774	102.4089975	94.36232149
FBgn0259239	CG42337	CG42337	uncharacterized protein	LOSS	7.884363287	9.375394801	9.796177208	8.169614015	8.262841867	7.881859372	8.153954178	9.078669897	9.629850685	8.550433927	7.719261866	8.14189063	7.025991719	8.714856414	11.16447494	7.585180496	8.348943049	7.982322454	7.631704115	8.169711528	8.522068182	8.648102857	8.041323196	8.595707212
FBgn0036585	CG13071	CG13071	uncharacterized protein	LOSS	17.1107042	18.56574799	23.2340296	18.59531663	15.79067043	22.56265727	20.00493346	22.88946925	15.96253432	15.80729045	18.91823619	22.07353541	2.840325436	4.277722351	4.906496235	2.620575049	3.089918155	2.012205418	3.188669	2.016512346	2.664716982	3.710125321	1.83989898	1.720901956
FBgn0039630	CG11843	CG11843	uncharacterized protein	LOSS	2.117207568	2.968012641	2.876833644	2.765976074	2.368170184	1.910227754	2.05600972	2.454852427	3.310449026	2.844230948	2.96273062	2.169173641	1.871874327	2.024019079	1.654086997	2.253341813	2.22433683	2.328461244	1.37907327	1.32384118	1.270670184	2.068933335	2.081169462	1.160307239
FBgn0046258	CG12880	CG12880	uncharacterized protein	LOSS	0.51589824	0.779242373	0.766036545	0.688907044	0.732284699	0.446151848	0.676331384	0.79257775	1.116320078	0.688719862	0.488452162	0.389079456	0.906534702	0.796426528	1.011867703	1.247173196	0.627119609	0.561322259	0.93616645	0.438969398	0.553361403	0.655834191	0.60605437	0.552069709
FBgn0039225	CG6892	Ets96B	Ets96B	LOSS	0.56260686	0.968355198	1.117619424	1.248372528	0.799854221	0.634288564	0.753069748	1.181763738	1.008074487	0.827010041	0.743826648	0.963289529	1.041364259	0.866728058	1.181906174	1.143619478	0.98977397	0.921760481	0.753748555	0.87162538	0.798616841	0.787521154	0.82324456	0.848453404
FBgn0033033	CG11066	scaf	scarface	LOSS	34.54604824	44.02514401	50.56263819	50.74043519	39.10760374	40.24480098	35.65791781	47.21198765	53.50940618	50.57314287	38.51361351	40.03160828	27.04831576	37.51584331	36.24892585	33.49620821	33.82166219	33.96630846	27.84403659	35.21394387	40.0235757	39.50736914	32.59396721	34.20464131
FBgn0000394	CG12410	cv	crossveinless	LOSS	27.08116466	30.212889	31.36020406	30.34176246	27.7977588	29.51402944	25.44333994	29.65638771	32.67078328	31.29835483	28.70842094	26.05949204	22.64512749	26.50734515	25.39468297	24.43922624	27.09856717	24.91224428	21.99179812	27.00525513	27.54965936	26.50977611	27.22656162	25.50204022
FBgn0000533	CG4920	ea	easter	LOSS	15.90125407	18.96480558	17.67271893	18.95678224	17.76493511	15.59230158	15.96981308	20.32634169	19.09003926	20.75504219	17.26663999	13.86644869	13.72358944	17.6038173	11.89983317	17.47446069	17.61435465	15.36680731	15.32171638	15.81833103	15.40752185	20.51721169	16.7338029	13.86627739
FBgn0022213	CG13281	Cse1	Chromosome segregation 1	LOSS	8.889690081	10.53596275	11.05971473	10.70417726	10.59825375	10.41119892	8.706016712	9.370375001	9.811442303	12.43257593	11.30093254	9.940897969	9.207585717	9.212399513	8.957551344	10.20274977	9.611296854	8.50412264	8.309920637	10.01696434	9.690983779	8.982239763	10.23738663	8.894622908
FBgn0031979	CG7429	CCDC53	Coiled-coil domain containing 53	LOSS	6.862155458	8.464948327	8.638787083	8.77975703	8.594464135	7.740564282	6.518939647	7.549525505	7.82950677	10.6213571	8.827561024	6.525367391	9.611574549	8.857497616	7.639901542	8.949040666	9.066904875	8.927166365	8.781314505	8.751663582	10.15236829	9.973723152	8.076594721	7.354688313
FBgn0031769	CG9135	CG9135	uncharacterized protein	LOSS	7.798255338	8.731873395	9.248414463	11.34007596	9.606209402	9.273612827	8.08425994	9.372071463	9.399918445	10.25537335	9.588810067	7.882440066	6.753427188	7.600849322	11.12383251	8.034140197	9.372239311	8.233009051	7.351157778	8.381568356	8.735385834	10.20438283	8.379950345	8.081817917
FBgn0037719	CG9424	bocks	bocksbeutel	LOSS	21.0699563	28.40289401	33.29446841	33.62325149	29.20588224	27.26575083	21.85177826	30.5175692	32.58871679	39.34236393	30.83761318	26.08412331	21.56796957	30.28706383	28.27665455	27.15798249	29.60363019	28.00091701	23.13044394	29.50479416	33.62100324	30.18084225	29.45666281	32.30766398
FBgn0037327	CG2087	PEK	pancreatic eIF-2alpha kinase	LOSS	12.92321385	14.726026	14.75287663	16.88865533	16.24001162	13.95415157	13.41617014	15.02211384	17.06912868	20.62176065	15.23528704	12.34999248	12.00683025	14.11225549	13.06579911	14.08443777	15.09640292	12.97334699	12.78841615	14.27780125	13.56463571	13.70820118	14.61474652	12.92809495
FBgn0033663	CG8983	ERp60	Endoplasmic reticulum p60	LOSS	111.8784289	133.9044668	132.3008489	142.4360251	143.7559799	125.1329071	121.2208913	134.3351043	139.3623927	159.4817945	154.1240697	128.0530038	125.0096857	138.657663	110.0258927	159.9165456	145.8174613	123.4059375	125.6704171	143.6977634	140.2008692	135.7507547	149.7770172	119.015846
FBgn0038129	CG8449	TBC1D5	TBC1 domain family member 5	LOSS	19.26401418	23.26559003	23.28407403	25.87230879	24.00390813	21.48661686	19.21887276	23.04702499	21.23120985	26.82402428	24.56166666	20.47343484	17.9480875	21.97522996	17.82171514	20.41864001	23.70305809	20.54084532	18.95524784	22.3510994	22.0458485	22.92338863	23.81252346	20.70167843
FBgn0030396	CG2556	CG2556	uncharacterized protein	LOSS	1.590350368	2.216043627	3.778315665	3.796408492	3.718072356	2.71832776	2.059175091	2.165403841	3.592577957	4.801885784	3.379556132	2.793288778	4.012699347	2.920975125	4.189829771	6.1893937	3.492251248	4.119948064	4.579905768	3.019779752	3.372460145	3.214797825	3.48744307	3.047131779
FBgn0029158	CG5231	Las	Lipoic acid synthase	LOSS	22.87991785	24.02623848	24.5951013	26.60897187	27.39311376	24.79897804	22.4950106	25.53247405	23.81961438	27.90367907	27.40122948	25.9414642	24.97852111	23.26861828	26.54665803	29.94817068	25.95261191	26.49288042	26.33206576	22.46876484	21.92629763	27.50951188	27.40719149	26.32817052
FBgn0033996	CG11807	CG11807	uncharacterized protein	LOSS	16.56356705	18.20186261	17.73978409	18.5638047	19.15662254	18.00859872	16.44524107	17.1908923	18.81864693	20.07282528	18.32173005	16.32926695	16.82818643	18.07165041	17.23960123	17.30213187	18.46614905	16.20822782	17.18764132	16.39378577	15.99367941	17.5196839	18.22349611	13.95507669
FBgn0031542	CG15414	CG15414	uncharacterized protein	LOSS	2.996846252	4.296153051	5.355398637	5.480572747	5.26637255	4.006306574	3.214780627	4.156893056	5.133845819	4.755431071	4.646537649	4.204944307	2.198112053	4.13813191	1.518844056	3.900093174	4.509252885	4.306092137	3.084616499	4.931393887	5.078191257	4.265850226	4.663231839	3.835573774
FBgn0040074	CG13057	retinin	retinin	LOSS	104.0170452	136.7115636	140.1328986	204.8688561	142.0072009	112.6183823	71.93797852	122.3288196	114.0417424	206.8110735	129.4561455	89.57506205	112.9314105	156.2134771	117.5894905	109.1393472	122.7711992	117.8575266	95.54294236	142.8451355	116.0291404	104.6943434	122.4541538	110.8140095
FBgn0033226	CG1882	CG1882	uncharacterized protein	LOSS	34.81253908	40.45311937	38.56228758	45.97431012	41.15854412	39.31243837	32.38199915	42.38397439	41.80313233	55.28088143	42.03194343	35.95582873	34.9860859	38.21061713	32.80834185	40.24155434	38.42075457	40.11816061	35.14323375	36.37466799	36.30234378	40.03657941	41.6582683	36.05497436
FBgn0030808	CG4937	RhoGAP15B	Rho GTPase activating protein at 15B	LOSS	7.216013569	8.405278274	8.836984147	8.920165001	8.163910682	7.53902082	6.662163677	8.397937371	9.099743837	10.17229811	8.326563598	7.556867743	6.597203126	7.068955052	6.550975886	7.748797493	7.927893877	7.473310489	6.494816667	6.832261347	8.458223132	7.266838248	7.75106136	7.109237824
FBgn0037008	CG5047	mTerf3	mitochondrial transcription termination factor 3	LOSS	8.91048975	10.57549645	11.77866378	12.03839409	10.81511072	10.39238676	9.286073578	10.99853026	10.64599304	13.84039162	11.66012954	10.40249849	9.400365323	11.49320732	11.27228223	11.09153188	11.55585405	8.580283012	10.85005621	13.1197092	10.09611242	12.19720203	11.23357361	9.269445473
FBgn0039073	CG4408	CG4408	uncharacterized protein	LOSS	16.6329142	19.42389841	19.3406735	25.13731337	22.25928829	19.72342338	17.75609827	17.91189214	18.67718078	20.7462599	26.61253094	21.35863136	15.82394829	17.71009191	13.30360853	16.13785458	21.49820636	18.60187341	16.7752642	19.98452241	19.16332166	18.60960131	20.86869406	19.64635158
FBgn0032034	CG17295	Rcd4	Reduction in Cnn dots 4	LOSS	6.798454922	9.359987815	10.34217265	11.2078364	11.1303043	10.51093798	9.190944014	7.649669644	9.942186202	11.00705952	11.62195176	13.4715975	6.666821164	9.656243308	11.47504297	8.474173528	8.677063478	10.4636114	8.023874449	9.850098847	10.69908407	9.351742895	10.349118	11.31005878
FBgn0039254	CG13645	Nmnat	Nicotinamide mononucleotide adenylyltransferase	LOSS	19.86891906	23.30281012	24.9382615	24.26559703	27.20330949	24.11297184	20.53476997	23.1894674	23.10796278	25.84494356	28.07253844	25.26570822	21.22301526	22.33668852	27.98233959	21.2202244	25.85388053	25.20524618	21.55743776	22.58408019	22.25534771	22.93285973	26.33404349	27.87714709
FBgn0263445	CR43468	asRNA:CR43468	antisense RNA:CR43468	LOSS	2.06331748	2.188074144	2.253783635	3.284260911	2.732705829	2.65423404	1.773369585	2.271860072	2.292941271	2.790863265	2.488715141	2.52793359	1.410511127	1.595926148	1.550548082	2.335815027	2.380736939	1.640427321	1.973375918	2.251641601	2.631569714	2.456607251	1.962372838	2.030330152
FBgn0027562	CG10345	CG10345	uncharacterized protein	LOSS	31.25304298	35.04879235	44.81958736	52.29451136	45.102469	38.73132243	29.37065256	30.84938268	43.63000882	55.29110554	40.02653464	37.69233057	21.05861589	25.47654659	20.81376337	31.52127736	30.3452152	28.56718597	24.09514506	29.22037077	34.27578824	31.04378075	32.27597035	30.22317192
FBgn0044011	CG1859	Spn43Ad	Serpin 43Ad	LOSS	4.196392659	4.568268705	5.319193003	7.255582389	6.58036493	5.414960964	5.002760132	4.593949157	4.806392856	6.848758276	5.841272747	4.562844188	5.195693073	5.861082046	5.328505164	6.0788726	7.652294514	5.753749144	5.375590468	6.203169368	6.53653494	5.847074597	5.959595972	6.910647135
FBgn0050489	CG30489	Cyp12d1-p	Cyp12d1-p	LOSS	0.098103541	0.364890718	0.388453337	0.355810634	0.573389472	0.310527401	0.243462308	0.246269762	0.381401676	0.441947644	0.722434044	0.482289537	0.098226337	0.11218443	0.110857769	0.117117657	0.213715892	0.118601557	0.27016891	0.18549934	0.104824389	0.266877377	0.356321355	0.158306086
FBgn0041337	CG18559	Cyp309a2	Cyp309a2	LOSS	0.158966041	0.324474934	0.29505285	0.655172904	0.575166322	0.296514215	0.283013739	0.287318284	0.341537167	0.812193661	0.418080439	0.372987377	0.716242586	0.293648782	0.269449305	0.996325755	0.623345745	0.37063446	0.328334342	0.308491395	0.27438348	0.449078076	0.460099467	0.28351953
FBgn0001220	CG8542	Hsc70-5	Heat shock protein cognate 5	LOSS	82.29537393	87.65430879	81.67989183	110.6757712	109.7015667	97.59293702	82.40082993	88.1816063	90.3247419	128.3867091	109.5859226	87.59605093	89.04449404	88.71259778	77.32080586	108.9993235	109.2278665	88.8812385	95.4467964	94.4802285	87.9140016	111.4083846	109.3450642	93.97237788
FBgn0259715	CG42369	CG42369	uncharacterized protein	LOSS	97.18655007	116.2970812	110.4512287	140.2720967	130.0573269	122.4339938	91.18504879	99.01635221	100.2428873	120.1066892	142.5439421	114.9948424	89.49973207	104.2665478	73.62273112	93.9998726	110.6115497	102.2484169	91.4147407	115.7387149	111.5509278	108.4440152	128.1083993	110.6941542
FBgn0265101	CG9617	Sgt1	suppressor-of-G2-allele-of-skp1	LOSS	26.8367887	34.74184524	33.29653738	36.34437933	37.25846285	34.72587657	26.76069787	31.49590969	45.1511685	41.49970337	36.06011218	32.87258812	29.49880846	31.76208845	33.7566941	34.43032449	31.2876284	28.62580925	34.67677538	35.81325927	35.70720756	35.44759735	33.21017659	30.18462031
FBgn0036945	CG6981	Ssk	Snakeskin	LOSS	6.800607366	7.284811566	8.037966866	8.879416828	9.312333944	6.753007683	4.807738155	6.145774347	7.514252337	13.45000638	9.100186516	6.564957594	12.79569772	7.235924555	6.600093432	17.04922691	6.997391491	7.610801163	10.35407518	6.042351248	6.398992903	6.813740177	7.613913805	4.865476588
FBgn0259936	CR32957	Uhg3	U snoRNA host gene 3	LOSS	10.69445943	11.54675363	12.66910822	12.37041678	14.05294115	12.4860988	9.931332497	11.24906069	14.63637335	14.79423477	14.10931464	11.45922771	10.74295338	12.39908398	14.22160063	10.25564023	12.69527617	10.58239215	10.65639067	13.19030636	11.23978261	13.3173972	12.655908	12.68609399
FBgn0034321	CG14502	CG14502	uncharacterized protein	LOSS	1.396871003	1.525411017	1.853778322	2.538905057	1.939031873	2.096273996	1.627793364	1.656855077	2.29910698	2.849017077	2.631336721	1.63291002	1.290226458	1.423805281	2.283151572	1.563382596	2.012974558	1.764127011	1.406510158	1.689027282	1.898717991	1.825095243	2.318779049	1.69500847
FBgn0029092	CG11804	ced-6	ced-6	LOSS	103.2886148	98.42841556	108.99553	112.3705042	125.4553612	119.0194251	98.89011894	92.3202197	110.6174529	124.6658749	122.8861538	115.5851807	86.60783856	93.40507727	75.73695947	94.59411428	103.3819949	94.52154445	90.24199697	95.49507168	100.0971792	105.8188636	116.3952241	107.9281144
FBgn0036505	CG7945	CG7945	uncharacterized protein	LOSS	43.34139138	45.38137197	44.72570507	46.60743271	51.17487168	46.84535166	40.3215302	43.17951691	45.46767227	51.09338631	50.31560333	50.18129596	43.2300096	41.95181461	47.94798685	48.65594254	48.28293553	42.51206075	47.07796709	45.31405946	43.74761887	49.7181918	46.49937132	45.45715901
FBgn0262366	CG43064	CG43064	uncharacterized protein	LOSS	3.076362308	3.129704792	3.552862946	4.250523438	4.607256248	3.601924982	2.963730266	2.581556932	3.934248725	8.329728088	4.257316662	4.051015187	2.24415518	3.208648062	2.766861745	3.650752285	3.14025865	3.03603729	3.241853322	3.389574851	3.521910891	4.460308581	3.342115351	3.321916989
FBgn0036489	CG7011	CG7011	uncharacterized protein	LOSS	11.27715907	11.55378814	12.66678217	13.34979919	15.2782281	13.76831131	11.0924987	12.36103301	14.10187744	14.35343019	15.98710959	12.36424788	12.06345219	11.60620183	11.75963785	13.58229083	13.29470072	12.92035346	12.75170814	12.93525853	12.91683362	12.53762677	13.52661398	13.01324788
FBgn0034380	CG15087	Vps51	Vacuolar protein sorting 51	LOSS	7.859724619	8.462757175	8.295418611	8.973603589	9.751076398	9.188930705	8.299650829	8.381067202	8.613815139	9.890260273	9.214299222	8.533358857	7.574201163	8.349784973	8.160719379	8.520745499	9.380674603	8.228282577	9.479136211	8.849386872	8.474568671	8.675985365	9.576910076	7.67566398
FBgn0261530	CG6754	nbs	nbs	LOSS	9.079352474	9.270037056	8.87606161	9.59445385	11.6460498	10.80577495	8.96294979	8.8676217	9.50247898	10.76294454	11.59821735	10.50982605	7.978374701	9.018357134	10.26884291	7.961004042	9.892018089	9.057735145	8.552754977	9.714716981	10.41517038	10.16051865	10.08130489	10.04353872
FBgn0036145	CG7607	CG7607	uncharacterized protein	LOSS	156.3670574	140.685596	153.6122877	172.8289627	183.9940108	193.2454321	139.5602835	130.4708885	151.5224236	183.0520096	188.6380192	175.4037753	101.5607683	108.6219154	96.32328619	103.3340663	112.5359293	114.4767289	112.3886486	117.7151157	111.0716767	132.9891089	151.7389891	127.3482905
FBgn0003449	CG4528	snf	sans fille	LOSS	33.99411052	32.91421923	34.01298586	34.4934489	38.39875007	39.05090596	33.12514822	34.47498249	33.02515402	37.43489536	38.4085242	35.88974522	30.68571947	36.31538663	36.34039038	32.27061335	36.11244705	31.8306694	33.40584256	35.16386984	31.98518034	36.19838199	38.79019357	35.0179847
FBgn0031873	CG9207	Gas41	Gas41	LOSS	8.54972358	8.405136898	8.981596095	11.33349288	12.09208185	11.89407085	10.50532298	8.672565571	9.907482069	11.1578691	11.70177286	11.40465996	8.909830387	9.11689576	12.84411681	9.842275135	11.81378708	10.8032101	10.96603198	9.376782409	10.84206722	13.91120323	10.4567592	12.04774778
FBgn0037150	CG7133	CG7133	uncharacterized protein	LOSS	11.0059236	10.32834619	13.20334485	11.45076643	12.69164291	15.19191024	10.94847556	11.28039997	10.96826237	11.81265285	14.03153759	14.67759492	11.33886786	11.07734712	11.40760375	10.63542551	12.94709662	11.39604799	11.01949585	12.14173107	10.87185312	10.11111076	13.26518513	13.43958239
FBgn0039977	CG17454	CG17454	uncharacterized protein	LOSS	46.79966738	40.25501743	44.40315885	43.3340081	51.43546104	51.5320545	44.68463515	36.92219472	46.293237	50.49332035	52.34962068	53.48799618	41.66716125	39.8318573	45.64593157	41.2667695	45.35063655	42.55947329	45.16544095	44.02615765	40.95154694	48.78630284	51.12916673	49.20094242
FBgn0013746	CG9556	alien	alien	LOSS	19.73855371	20.13551356	19.45336189	21.37677494	22.3318804	21.61889849	19.95995653	17.51036929	17.71601322	21.07228091	20.89998976	22.47576311	19.14783223	18.10142125	20.05450078	17.98416751	20.11092573	19.67133963	20.85448667	19.51877983	18.20975741	21.48822011	20.00918578	20.98627966
FBgn0033100	CG3420	CG3420	uncharacterized protein	LOSS	23.16368666	24.1006367	26.988271	26.76492188	29.21089989	35.87215023	23.35674786	21.67424652	21.32870606	29.19016321	31.80802758	37.30961809	21.24285353	24.61310701	27.59806917	23.86006093	28.50849242	31.33142713	23.04454431	25.82658763	28.0529012	26.12343345	29.45575336	33.32195695
FBgn0032251	CG13142	Nse4	Non-SMC element 4	LOSS	5.016261743	4.989703437	4.983114803	5.206440677	6.931491569	6.397518818	4.734048001	4.501319776	4.358664797	6.532482346	5.769510057	5.257345891	5.729940685	4.222949152	3.926261304	5.376996137	4.875948938	4.090706263	5.440969094	3.227294596	3.945895759	4.291190501	4.907727648	3.591247386
FBgn0047205	CR32385	lncRNA:CR32385	long non-coding RNA:CR32385	LOSS	1.272676027	0.930531538	1.297437168	1.390393061	1.839789103	2.589688832	1.254335458	0.789641203	0.787068266	1.183391385	1.633602175	2.005604755	0.701798917	0.842128078	0.634741387	0.62927973	1.012993386	1.313872582	1.277885137	0.816640459	1.391089496	0.858579545	1.106031808	1.553562306
FBgn0034454	CG15120	CG15120	uncharacterized protein	LOSS	1.278463339	1.342052589	0.644079231	1.309757989	2.249309674	1.486551469	1.152830137	0.907782564	1.807821431	3.070322204	1.621136207	1.1019312	1.110912332	1.084422605	0.597033467	1.798795871	1.074251919	0.780680103	0.889176741	0.817912484	0.9795014	0.902912742	1.539195864	0.62820963
FBgn0035534	CG15016	mRpS6	mitochondrial ribosomal protein S6	LOSS	15.01452822	13.59267524	12.82220756	14.46688541	16.69377273	19.47104288	13.22069103	13.42816464	11.6044944	15.92463621	17.43209025	16.81921925	13.67019687	14.04223667	16.50186982	14.55792996	14.4596361	14.32923185	13.70385086	13.58737578	16.05592757	14.50493581	12.23840448	15.99589329
FBgn0052039	CG32039	CG32039	uncharacterized protein	LOSS	29.55733853	27.21130528	28.94335614	33.24095955	34.6343233	41.52557509	35.97297078	29.21699729	25.53083087	32.46419338	35.04671986	43.9975112	29.73314567	28.3168468	32.7510016	29.19539805	31.26955085	35.03876938	33.82147192	32.78148674	29.53571093	31.22737943	30.42020265	36.49581824
FBgn0031904	CG5149	CG5149	uncharacterized protein	LOSS	20.23207206	18.95663031	18.57545792	19.85981647	21.85776548	21.60585665	20.22218431	19.19113562	17.77607639	20.51623439	21.06072502	20.13772494	18.06928845	18.66639065	19.1475714	16.27127092	21.1963827	18.24453663	19.52692259	18.81284901	17.02284527	19.17302065	22.11380691	20.44255625
FBgn0037017	CG4074	CG4074	uncharacterized protein	LOSS	10.55651757	9.032724065	10.72166464	11.36089069	12.72784448	14.95063486	10.86646451	10.76114996	10.42010962	10.48091456	12.46031475	14.05470228	9.703013213	10.26280558	12.82191436	8.998219465	11.29248913	12.14234512	9.979920765	9.076919877	10.49534597	9.582833628	12.1640858	13.26552141
FBgn0010213	CG8905	Sod2	Superoxide dismutase 2 (Mn)	LOSS	89.14335296	89.95608818	91.84098924	91.93757992	98.30405386	114.5454729	93.34429361	91.17340407	87.13413494	93.95933283	100.1083108	105.7578017	91.21642176	87.37739594	98.11413367	89.98651552	97.61827735	104.6310616	96.42012775	96.18207611	93.89337032	90.60601221	100.0603682	109.2345484
FBgn0017482	CG3425	T3dh	Type III alcohol dehydrogenase	LOSS	6.883172779	5.009005196	5.295428019	5.920435333	6.246947209	7.637404793	6.732651128	5.949937789	4.179340973	6.214768031	6.158864806	6.846288982	7.213904649	5.765135252	3.750125989	6.89980833	5.456804925	6.415459464	7.616121258	6.098019801	5.165524625	5.824082382	6.419923164	5.032518185
FBgn0260861	CG9298	Trs23	TRAPP subunit 23	LOSS	18.2649557	18.40619765	15.21994451	19.45656268	20.52959168	28.39446901	20.21770781	18.52620781	15.05391234	18.9460482	21.66695043	19.6511064	17.66756678	18.65632145	16.93329125	19.26998821	20.58491357	18.36430497	17.35506047	19.8485442	15.82611119	22.13077629	21.78957488	16.98766433
FBgn0039019	CG6990	HP1c	Heterochromatin Protein 1c	LOSS	15.50891614	14.24021543	15.15618065	15.92880817	16.3004774	18.14844149	15.97485481	14.91111956	14.37157916	15.43449616	16.77147066	16.44235576	15.80615179	13.18024392	16.48536291	14.41847834	14.26125714	15.05684744	16.05289486	13.93520469	16.64063056	17.21708866	14.57737407	15.67975557
FBgn0026438	CG3159	Eaat2	Excitatory amino acid transporter 2	LOSS	128.899951	143.723406	142.1645164	142.8482074	165.3446396	172.952972	147.0436526	160.3300015	130.1152089	149.0116648	152.094797	159.9111242	124.4291416	138.7307411	153.5071919	124.4871014	147.7178831	159.840326	137.0982041	147.2408265	135.317826	149.7367955	148.797571	168.8123855
FBgn0030605	CG5548	ND-B18	NADH dehydrogenase (ubiquinone) B18 subunit	LOSS	35.74375137	32.78723892	32.73781679	37.11094314	37.72138011	46.14037189	35.38293874	35.93887709	30.28241473	34.96124847	35.78146436	37.68347684	37.27895688	35.56022471	43.44342432	37.66043276	38.28104802	42.27421416	36.46634172	35.30897043	37.80478709	35.98131458	36.77842354	45.91043273
FBgn0036193	CG14135	CG14135	uncharacterized protein	LOSS	11.11188564	11.13436958	10.60201057	11.49094456	11.88505191	16.21069358	10.83528643	11.20379284	9.808830042	12.75920192	12.49879763	14.12884999	11.25452259	10.21470378	10.00666995	9.784717971	11.63133477	9.991958252	13.69737872	10.3226859	10.69940844	12.14996303	12.00776176	13.16150345
FBgn0038425	CG14881	CG14881	uncharacterized protein	LOSS	6.257591127	5.94168813	5.747054719	6.098006264	7.469606355	7.639908434	6.706893473	5.864491468	3.883932147	6.875582008	7.16813589	6.33906658	5.346494939	5.834687471	5.454869343	5.60281317	5.5255007	5.187475859	5.74429342	7.182342503	5.691913848	7.245656508	6.960500186	6.05858718
FBgn0036777	CG7341	CG7341	uncharacterized protein	LOSS	1.779618458	1.343333662	1.495745583	1.394964428	2.130745678	3.006307696	1.826000048	1.274468867	1.669558416	1.959060448	2.30487315	2.633653435	1.997012317	1.834202084	1.585478337	1.443082723	2.448999049	2.66177527	1.45640539	2.315732288	2.285155061	2.118468808	2.538238644	2.284246012
FBgn0030573	CG5310	nmdyn-D6	nmdyn-D6	LOSS	2.544560589	3.139395138	1.637270121	2.405091199	2.738389799	3.624437013	2.471010109	2.095139999	1.666123111	3.299112213	3.301480577	3.866537138	1.630557195	2.685954138	2.135991648	2.126417467	2.261648427	2.636766761	1.902037368	2.582956265	2.844369487	3.194830137	4.043412255	2.161086368
FBgn0038788	CG5085	Sirt2	Sirtuin 2	LOSS	18.2379849	18.88825631	18.85817702	19.41481752	21.76198559	21.2965982	19.53795792	20.55882821	18.36818699	19.36725575	20.22664015	21.37111571	19.11284197	18.58562716	20.71951447	19.1820271	19.85336647	18.77701039	20.87557751	19.39920177	18.14128534	19.28810534	22.10334659	20.46133597
FBgn0028515	CG4930	EndoGI	Endonuclease G inhibitor	LOSS	29.42290851	29.46928728	29.35721364	29.64562313	31.88600914	33.05027524	29.7303591	27.46347102	27.15143235	32.34637814	31.30038079	30.46180741	29.7953136	27.45201042	27.01572063	28.45055199	28.66041763	29.15331777	27.27142816	29.58593394	28.05873597	30.92325825	30.8134533	30.39707678
FBgn0053198	CG33198	pen-2	presenilin enhancer	LOSS	10.92114201	10.50415938	10.16594061	10.72082556	11.91654108	12.45820759	10.84649992	10.01907968	9.065628374	11.65879808	10.83624849	14.55945648	9.878608577	8.875247611	12.20073755	11.2969947	11.51720552	10.54528092	10.94889981	9.966966569	11.16950194	11.21896659	9.59267399	11.69951042
FBgn0039764	CG15535	CG15535	uncharacterized protein	LOSS	8.55562401	8.382425892	7.578534609	7.704073731	8.867948973	9.9052937	8.251025061	6.87863567	7.877864708	8.052070485	9.962634692	9.255955911	8.135062527	7.193685865	9.301207778	6.49812046	8.653263547	6.740951545	8.461237171	6.870267305	6.76538011	7.945403645	11.27132559	7.576956728
FBgn0051759	CG31759	CG31759	uncharacterized protein	LOSS	1.871237229	1.826713731	1.615772627	1.73022381	1.986981739	2.007300908	1.777645907	1.378577526	1.741729863	2.051568333	2.102272755	2.802041607	2.052791406	1.722946768	1.876465858	2.185351126	1.85034899	1.817854187	2.016481354	1.676005515	1.65504773	1.608853678	2.514062631	1.850077069
FBgn0262540	CG43094	CG43094	uncharacterized protein	LOSS	8.825521115	4.117552029	3.393171229	1.714777701	3.684489767	10.26200046	6.580857891	3.560584106	1.596253432	3.11693051	3.854701647	10.30098319	3.692423067	4.117307763	2.747637891	2.681049858	4.078691964	3.674462067	4.4641366	4.799299384	3.614022407	4.006935346	5.312708305	4.818525477
FBgn0032647	CG15143	CG15143	uncharacterized protein	LOSS	1.821827155	1.385263821	0.86730252	1.004203074	1.70694765	2.362936611	1.809682553	1.244228024	1.114068656	1.058940098	1.700765031	2.601128515	2.40615101	1.222097664	2.111436794	2.216434164	1.963193089	1.405074687	1.79731375	1.220698877	0.833292955	0.746460739	1.733186934	1.764598072
FBgn0264005	CG43748	Hmx	H6-like-homeobox	LOSS	2.598700176	2.098168966	2.025820314	1.842197514	2.591726222	2.658654911	2.327305975	2.126670388	1.954149712	2.098677946	2.437665935	2.642214365	1.990494023	1.554424522	2.286315119	1.835570093	2.241834236	2.300158238	2.261997408	1.874987026	2.17866599	2.039253279	2.182705217	2.681586319
FBgn0039299	CG11854	CG11854	uncharacterized protein	LOSS	2.680237833	1.727618227	1.047309828	1.302324827	1.727500358	2.009312531	2.831078378	1.444795244	0.736044762	1.441467864	2.226006726	2.364185081	7.542307872	6.551763395	2.664336069	14.10399816	4.830859529	5.408544101	8.28298204	4.506390776	3.860986402	2.656721115	5.908174167	4.025486154
FBgn0014391	CG9032	sun	stunted	LOSS	279.9966618	252.3630482	252.7743557	276.3147753	274.2166888	294.7046995	271.7979333	266.6735072	211.1311206	273.9851184	294.841846	330.2477603	266.6939348	278.1359229	268.070238	271.5981899	277.4004922	277.8519342	279.9478663	283.0676965	262.2174035	294.6400146	283.1405208	297.4208081
FBgn0259918	CG42447	inaF-B	inaF-B	LOSS	9.385039146	7.252506415	5.32483986	5.883515817	9.369317113	10.1393089	9.235688026	7.233258555	2.644495435	5.447369239	8.234425298	8.285280162	8.952088988	7.852339036	4.537471398	7.166449397	11.10186848	7.915890601	8.877096241	8.124737472	6.501293119	8.216860909	10.228343	7.389540837
FBgn0039312	CG10514	CG10514	uncharacterized protein	LOSS	11.008691	10.92682483	6.59730641	6.085176459	12.10559927	13.10379247	10.13150537	7.932918461	5.730825515	10.24593358	13.34101454	15.51974345	4.862854668	2.962065477	6.402893282	9.180325359	2.793213201	7.157715013	3.50301588	3.222261996	1.94273664	2.032645978	5.071577214	2.639899083
FBgn0037481	CG10059	MAGE	MAGE	LOSS	9.273749558	8.333076034	7.769787632	6.662059324	8.911207261	9.435286416	8.60320296	7.678477028	7.060262938	7.018877984	9.197326305	9.533808246	9.570661796	7.054688451	9.22070952	8.442531281	8.36997554	8.978987723	8.530027717	8.538208373	8.661389862	7.659461266	8.891219143	9.14778922
FBgn0033054	CG14591	CG14591	uncharacterized protein	LOSS	93.76242024	87.02624575	74.19150937	75.05394982	95.74293055	90.69544356	96.86672911	85.90017308	73.5496977	69.80162528	91.26662854	95.50458471	78.654358	77.74368681	90.34752531	77.80463786	92.84249167	79.93038765	82.60893033	79.19492718	81.06254168	93.2019543	89.11069109	79.50057947
FBgn0030467	CG1764	CG1764	uncharacterized protein	LOSS	14.54688121	14.96949919	13.55099281	13.84608553	18.63166043	18.9610997	16.33865201	17.3132402	13.59668781	15.28083938	16.63152171	16.28392244	12.14398693	13.60239606	15.43230889	12.85270885	15.62734786	13.20397989	12.60946169	15.61041116	12.32422248	15.32656939	15.75723597	15.50387642
FBgn0052195	CG32195	CG32195	uncharacterized protein	LOSS	4.008106081	3.184027206	2.52243126	3.292488823	4.127770161	4.067902699	4.016574385	2.945789438	2.647795728	3.797993335	3.970474787	4.109659925	4.49923351	3.243285561	2.410852403	5.334566469	3.846172664	3.581878362	4.698602755	2.866650538	2.695400707	4.071041765	4.144686767	3.169047369
FBgn0032229	CG5045	CG5045	uncharacterized protein	LOSS	44.57290542	45.11676224	42.53836789	42.36197447	42.63257035	46.44919838	43.20377165	43.47488344	33.92084856	40.82913698	45.43627048	45.07211212	58.41280341	50.03418228	52.91833658	51.59865092	49.56491692	51.15372397	55.6497369	51.91412355	43.02993487	42.44257065	50.33200247	48.81678917
FBgn0086856	CG11555	CG11555	uncharacterized protein	LOSS	14.273591	14.0960369	13.59706638	11.47147938	14.19633851	18.04599236	13.35141703	13.5156866	12.12815931	13.18083289	14.65697511	16.41110121	13.42976646	12.62946599	16.69684358	11.79334555	12.8402528	15.66086518	14.12124843	12.22036805	13.43127554	13.98450244	14.68806573	15.6834982
FBgn0039158	CG6182	TBC1d7	TBC1 domain family member 7	LOSS	7.935025943	8.047482536	7.766874095	6.969016441	8.318949947	9.810982555	7.602000511	7.621154093	6.454558504	7.952372599	8.899784575	9.052676472	7.374916373	7.436943373	8.01311002	7.009146329	7.618347369	5.392600921	8.693361424	8.127000049	7.15960739	7.974742787	6.906321463	6.772432293
FBgn0039303	CG11857	CG11857	uncharacterized protein	LOSS	51.83952332	53.95284894	48.59740517	49.66718454	52.27609143	52.99089635	54.84572266	56.11448918	49.60624844	50.4852748	51.62432189	50.27344404	51.50514618	55.66502	41.8947397	44.73927028	51.4624925	47.5619432	48.48102542	51.72762844	44.28732622	45.85228728	52.01328524	43.12861226
FBgn0038751	CG4770	CG4770	uncharacterized protein	LOSS	1.030181207	1.146961877	0.486714657	0.494063166	0.886228255	1.270455329	1.424817586	1.128466272	0.661126167	0.27783502	0.51724431	1.098704032	0.675144449	0.42014158	0.544260541	0.307461914	0.367236279	0.970464955	0.414501501	0.55921173	0.508041489	0.499740842	0.255116983	1.145361966
FBgn0036579	CG5027	CG5027	uncharacterized protein	LOSS	55.65126197	51.92825753	46.84949091	39.24180276	56.93870954	71.65006433	60.05589683	54.53698104	40.9989768	36.11755784	51.19590319	68.86330249	46.55494745	48.89763641	49.46154005	38.24614851	50.53791807	51.99896641	46.91598985	50.19751184	46.99005503	42.44765936	48.27227442	56.5368049
FBgn0036382	CG13737	CG13737	uncharacterized protein	LOSS	1.82296878	1.82859037	1.160079863	1.184954934	1.870021649	2.649603665	2.124331079	2.212269101	1.630598098	0.875598283	1.890365413	2.199750716	1.361115441	2.061713198	2.57285922	1.212504873	1.511358688	2.509707211	1.152620557	1.632773056	1.887922153	0.784742925	1.117326713	2.14984319
FBgn0034485	CG11099	CG11099	uncharacterized protein	LOSS	39.56478995	39.26955446	35.70874893	32.7171707	42.21740262	49.59939234	42.042335	46.39783483	33.15218572	32.10411544	39.59421873	42.89940756	34.68467265	37.51023559	38.75010662	29.12457057	40.95853735	42.30833828	36.68198274	36.41809123	35.06490046	33.40808663	38.19982156	42.19066831
FBgn0033891	CG8067	CG8067	uncharacterized protein	LOSS	13.09153568	10.62904757	9.909594378	11.46646739	12.48814311	12.57546324	12.32249832	12.4257989	10.67391295	10.48697803	11.77184335	11.76712958	12.15961178	10.97220307	11.26339585	12.08183475	11.38551579	10.71443068	13.27170102	11.36537149	9.170311347	12.36227087	12.43945923	9.643362644
FBgn0267693	CR46029	asRNA:CR46029	antisense RNA:CR46029	LOSS	0.878143817	0.769306145	0.666236717	0.634027203	0.808144497	0.808660985	0.939904554	0.834135264	0.714146445	0.608500735	0.561364318	0.676779773	0.704677959	0.679981252	0.870728202	0.625562255	0.653496204	0.89169903	0.539018724	0.809488694	0.640111552	0.597553115	0.739900336	0.685922349
FBgn0035922	CG6486	Pex7	Peroxin 7	LOSS	1.594885145	1.541338805	0.604127755	0.321955719	0.679423139	1.291509677	1.548785017	1.44131306	0.689315424	0.514989185	0.66770315	0.850980623	1.349201889	1.030719243	0.685689114	0.786857439	4.849998116	0.784179002	1.238902	1.399333284	0.577858346	0.612998721	0.465490765	1.020044284
FBgn0036679	CG13022	CG13022	uncharacterized protein	LOSS	3.685732706	3.393427961	2.911061828	2.404642304	3.339359276	3.670147638	4.873799715	3.685175973	2.743888141	1.706056668	2.041816282	2.444559784	3.17997912	2.04874062	2.107771978	2.036211728	2.152527254	2.011222415	3.262563717	2.036904044	2.262389629	2.658426875	2.403238836	3.236842555
FBgn0001208	CG7399	Hn	Henna	GAIN	261.2790906	218.718791	190.1912997	216.7909459	212.89283	212.3868679	263.5968435	191.9274361	182.0257223	191.8105982	234.6173726	210.9822688	225.7662554	189.5117803	130.8359558	161.7990405	187.3539367	205.4837947	236.7199456	224.5639634	186.2887578	170.3184339	197.6705038	216.9988205
FBgn0000352	CG1708	cos	costa	GAIN	8.544338493	7.863860881	7.516333527	7.325435557	8.221890125	6.47030656	8.307325358	7.712331325	8.934729476	8.500065169	7.397013028	6.951945051	7.699530101	7.568266491	7.019081261	7.163528687	7.569683182	7.939862186	6.855127882	6.927098825	7.117264366	7.640225319	7.910976522	6.429084485
FBgn0038478	CG5148	cal1	chromosome alignment defect 1	GAIN	6.90379837	6.799476447	7.069079658	7.741211636	8.052058277	7.852036464	7.613071013	6.692553756	7.868060553	7.779346277	7.512494604	6.737678068	7.920107907	7.301738734	7.035005679	7.322958735	7.828936437	7.705625106	7.443842436	6.960998379	7.454799135	7.599473796	8.160848429	6.987664583
FBgn0266117	CR44843	asRNA:CR44843	antisense RNA:CR44843	GAIN	4.658321153	3.432290826	4.597243618	4.495400317	4.316422605	4.103681509	4.799506147	4.363785636	4.34160685	3.089747977	3.316836301	3.598894485	6.040645608	5.03710097	4.580727706	3.61137744	4.767096986	4.724104913	5.833225005	4.630240616	4.832704381	4.279586416	4.468440706	5.210731039
FBgn0037896	CG6728	ninaG	ninaG	GAIN	30.54418543	28.80971121	24.13752677	29.18993159	27.39862025	27.40661392	29.34289423	34.39557333	24.84992084	29.40647734	26.70629639	24.14539661	26.52412321	25.89831092	22.3165788	19.28595873	22.33227579	25.1888137	28.84576651	25.61793108	21.99758605	22.58713569	22.38998905	24.46514891
FBgn0036359	CG14105	CG14105	uncharacterized protein	GAIN	16.87204139	17.9679213	14.97710714	14.87498265	12.55627009	14.32982047	16.24188267	17.83285937	13.37401524	18.86070564	14.932628	16.52345283	12.69190465	13.76370012	11.03077599	9.852127262	9.377391252	9.178798887	11.10378572	16.42579501	10.96144934	10.98330793	9.292042372	9.251785966
FBgn0004101	CG3411	bs	blistered	GAIN	3.487497945	3.646689199	3.823267448	3.167235184	3.763371708	4.264119831	3.317373622	3.778336379	3.699481873	3.297466561	3.942399931	3.578708063	3.758347548	3.74587167	3.844599774	3.286921356	3.446829177	3.574247141	3.818241445	3.598575925	3.439770857	3.303258311	3.593822718	4.021975241
FBgn0031959	CG7104	spz3	spatzle 3	GAIN	1.627242509	1.969430621	2.544144843	1.893634538	1.582470205	1.986704391	1.617388435	1.851168884	2.256317191	1.779532819	1.737032482	2.11757612	1.759621675	2.061196154	1.766172018	1.525535505	1.216110421	1.547344005	1.897957763	1.98901445	1.642737458	1.225853319	1.603603176	2.004729398
FBgn0086254	CG6084	CG6084	uncharacterized protein	GAIN	124.8209856	129.4484182	110.4371114	120.0990085	94.24396738	99.51117006	128.792751	105.8642886	119.1623079	132.549468	114.5006051	103.6172737	98.61494136	114.9143361	107.1476411	109.2867135	80.76123753	77.08720244	103.4101761	116.314845	111.8422319	90.37777467	81.43972315	82.8629566
FBgn0262904	CR43259	asRNA:CR43259	antisense RNA:CR43259	GAIN	4.864917288	4.814578791	3.677530178	4.578824312	4.111260351	3.719742926	4.867457451	3.996793263	3.882257894	4.256858024	4.117575085	4.180455646	3.108587917	3.501304127	3.191344654	2.824712504	2.659157084	2.841406595	3.810478699	3.591509496	3.097110331	2.831965302	3.554047472	3.966486874
FBgn0034870	CG13559	CG13559	uncharacterized protein	GAIN	3.706284114	3.667934279	3.251957207	4.332635822	3.93859251	2.742431159	3.980882493	2.689673419	2.533656179	3.831674921	3.766087816	1.6375922	3.643451939	5.201489117	4.242521342	4.173225217	2.730493192	1.963936622	3.926964991	4.476425625	3.946346306	3.437196561	2.12249266	2.31787691
FBgn0039069	CG6763	CG6763	uncharacterized protein	GAIN	0.593988612	1.010354237	1.120862033	0.807873993	1.239895601	1.107947745	0.624887663	1.431448605	1.435701829	1.076872648	0.898258742	0.696847745	0.691376075	1.234395944	1.366395405	0.819912597	0.737573168	0.538573636	1.029674365	1.507378732	1.336492582	1.141981836	0.632057495	0.964803543
FBgn0011666	CG5099	msi	musashi	GAIN	17.49453998	16.06997758	16.45164063	16.84250592	16.21770508	14.31116834	17.74795491	15.72936019	17.48168808	17.43028197	14.25904418	15.35349487	13.82769216	17.35117031	18.78209603	14.79289198	14.96616636	12.85017963	13.36123363	15.18984392	15.76028032	17.12606753	14.06082799	12.64810562
FBgn0004795	CG5403	retn	retained	GAIN	15.79048473	13.23092386	21.01611079	17.04401359	14.87010644	15.97671358	14.29554135	14.1023626	17.28272443	15.80918016	15.17083829	15.40660787	14.65206968	17.44256337	23.8214027	17.54818568	13.8642564	13.9427656	13.83264128	15.43318829	22.57855857	15.82500628	13.77828304	12.77038405
FBgn0040512	CG3948	zetaCOP	Coat Protein (coatomer) zeta	GAIN	32.53055846	32.80178023	34.43902396	40.01529116	31.74971462	30.18043255	30.43027804	33.06845333	28.59702747	39.6500488	33.74042028	30.74989754	31.68224457	33.22439896	35.08538021	42.21046368	33.10015014	28.15989538	32.28494878	34.16501105	33.43044362	36.0320598	33.63757448	30.34355479
FBgn0028554	CG10203	x16	x16 splicing factor	GAIN	19.79374809	18.9510793	19.36392064	22.25625655	21.43492938	18.77556307	18.02689681	20.28437069	17.62155948	22.27724481	21.24723628	17.9796077	19.36412132	20.10723004	20.37664866	19.95014421	19.63991403	15.93569167	18.61019733	19.44269973	20.52732369	21.96012173	20.55497663	16.801473
FBgn0023534	CG17778	CG17778	uncharacterized protein	GAIN	17.95732759	20.00375095	17.92001144	20.89073402	19.15186658	17.04964758	17.57947192	19.28331815	18.10793175	21.63993943	16.74959644	17.39941712	15.72323009	21.12311076	27.80603413	20.83021193	17.98865745	16.75288596	16.98962702	20.02333744	21.70026847	25.87812411	17.52695435	18.03272211
FBgn0035951	CG5068	CG5068	uncharacterized protein	GAIN	22.2431833	24.45214968	22.0186721	25.45931594	23.43637897	23.95075125	23.19454823	27.83083767	21.77338446	24.48353139	24.06838102	20.07714664	20.21095528	23.58398755	23.73715897	22.78452612	21.535306	20.22978908	21.04888799	22.53138321	23.27077843	26.7305983	23.77695469	20.42258244
FBgn0035157	CG13894	CG13894	uncharacterized protein	GAIN	2.651077079	3.328612725	3.721460026	2.732498232	2.771587883	3.467899866	2.141767449	3.925897112	3.979549865	2.511452901	2.970563513	2.867466506	2.549557967	3.139369652	4.029680971	2.832452894	2.69060999	2.475891525	1.755094745	3.052905901	3.279482257	3.188711447	3.072266337	2.639422585
FBgn0265530	CR44380	lncRNA:CR44380	long non-coding RNA:CR44380	GAIN	0.754354747	1.340495055	1.548388763	1.009525639	1.593170124	1.128668591	0.818732505	1.283233218	1.593485591	1.316414793	1.190371081	1.383252267	1.079633238	1.194407944	2.449831544	1.191919484	1.148405548	0.724212778	0.824861753	1.232068897	2.100794133	1.002845863	0.815922504	0.949700298
FBgn0261611	CG42700	CG42700	uncharacterized protein	GAIN	3.532793987	4.487570474	4.253919162	5.269562898	4.609405334	3.43057991	3.782342735	4.399852077	3.845722805	4.846362305	4.489003565	3.342079946	3.48081391	4.109231104	4.898845409	4.452882398	4.329448162	3.502369817	3.597330469	3.221869232	4.327778438	4.516440482	4.50488855	3.524603362
FBgn0030029	CG15343	CG15343	uncharacterized protein	GAIN	3.5559429	4.333908105	3.443528201	5.19958486	5.550887047	4.35194607	3.353066883	4.098427612	4.17585286	6.115496571	4.228786617	5.33772141	5.990749694	5.548705257	6.588920682	5.952430813	5.173331324	3.925111026	4.288137544	4.47738063	5.718389884	7.182301675	5.843571563	4.530074716
FBgn0265959	CG44746	rdgC	retinal degeneration C	GAIN	56.06542376	48.50789438	57.77207934	63.01747009	65.52676272	48.49649741	58.76928456	51.76668658	61.86224871	61.92450961	60.98124912	52.72496796	42.13077929	46.6410183	62.04611249	55.61418933	52.70389253	39.94709107	44.037962	46.08703005	57.13279053	65.03634739	51.00919405	43.23510416
FBgn0002565	CG6806	Lsp2	Larval serum protein 2	GAIN	263.6859209	285.4858238	222.7561905	451.1230405	228.6656314	153.6548915	290.0233643	290.8420793	323.1787809	465.2581898	507.9584839	208.1533727	102.0023129	192.9358701	287.2896495	329.7093738	136.1055931	106.3358961	112.9607234	233.0302671	334.5998218	203.003918	148.3516973	101.4925029
FBgn0260799	CG17484	p120ctn	Adherens junction protein p120	GAIN	86.84826954	81.88714505	81.77034983	82.36042174	83.02844292	80.43762527	88.72003046	77.38389167	82.24691078	86.94436779	79.33363613	81.87960999	67.42308455	74.70493762	74.81386475	73.70403925	72.09210608	62.75917346	67.08414771	74.60915433	70.75946292	85.14025985	79.33116759	67.98338253
FBgn0027575	CG6706	GABA-B-R2	metabotropic GABA-B receptor subtype 2	GAIN	37.22970334	39.56871479	36.14449698	40.52172783	39.59579242	34.08913104	36.74840631	42.16952965	36.67183758	40.54706105	35.46364178	30.48927303	32.51097175	35.77787897	39.00553778	36.30662064	36.4607243	34.39909519	31.74071924	35.26560526	34.38214898	39.46464397	37.74330383	31.83754922
FBgn0011509	CG33162	SrpRbeta	Signal recognition particle receptor beta	GAIN	21.43618549	27.72885602	28.15461019	27.54769432	22.5706881	24.34964758	22.40498611	25.59605095	22.6710179	24.64572059	25.26782401	22.20488454	25.29015759	27.87523435	27.422919	28.17309104	26.93864152	23.14965059	22.51857011	26.98750884	26.33300908	27.84653355	27.83374051	23.55770737
FBgn0011573	CG12019	Cdc37	Cdc37	GAIN	19.4087899	26.32016062	25.46458111	25.31767044	27.85339653	27.61475819	21.99889224	26.66614485	28.9011858	28.45964577	28.21038636	23.51179862	22.73670815	24.99287828	30.09297387	25.17080916	25.51954006	24.65303269	23.81098	27.10788409	29.34290073	25.21595541	23.45114568	21.83590642
FBgn0037313	CG1161	CG1161	uncharacterized protein	GAIN	60.07541468	63.06349454	63.86297291	66.97820455	63.9992946	65.24737629	57.11557678	68.41485908	52.45267027	64.04023827	64.82483753	57.836959	53.9581727	61.89684998	66.20475197	64.08185584	61.10020592	54.39940913	53.59616862	63.22213055	61.91306718	64.80073195	60.16217624	55.78967229
FBgn0051064	CG31064	CG31064	uncharacterized protein	GAIN	17.06777117	17.48747471	16.10236864	17.79493585	19.15165822	16.05700242	17.60580567	17.2344764	17.86888441	16.22390861	17.54609617	15.63582026	15.01922277	15.93133438	16.14119371	16.1743974	15.84036761	15.03138068	15.15765489	15.75432956	16.05772732	17.73021064	16.064732	14.50588426
FBgn0054057	CG34057	CG34057	uncharacterized protein	GAIN	1.876114892	3.094819548	1.961407756	2.764706425	2.781311269	2.181479331	1.710341794	4.186755793	3.454985698	3.861964841	3.534483485	1.655559512	2.173650305	3.09179423	3.170765513	4.490902273	2.582357931	1.934180006	2.846936645	3.395041907	3.285474915	3.317014863	3.207206353	1.873031847
FBgn0035382	CG9969	Or63a	Odorant receptor 63a	GAIN	3.440933155	3.830995094	2.829118319	4.07869921	3.561632591	4.22419002	3.976629075	3.3151981	3.744412881	4.443168114	2.82708037	2.85959057	2.613826842	3.106826579	3.65645351	3.106344759	3.122292152	2.475307004	2.945180342	3.362105916	3.197505273	2.999197931	3.195459012	2.369295341
FBgn0020278	CG5248	loco	locomotion defects	GAIN	7.35603906	7.815518743	7.612781504	8.189704005	7.875608027	7.18610094	7.013532644	8.006046003	6.96683156	9.510071516	7.934524704	6.69894971	5.888371192	7.164785289	6.518819551	7.77243066	7.447222371	6.454458549	6.263416139	6.902302786	7.099898015	7.61061765	7.553425716	6.542792512
FBgn0032514	CG9302	CG9302	uncharacterized protein	GAIN	9.563005801	10.45765821	9.656547135	13.0616227	11.77026858	10.33452918	10.10457684	10.32136054	9.330120442	13.89104655	13.25298031	8.545042462	8.438877653	9.983250228	10.61830144	11.09113718	10.86109365	9.107274727	8.9036548	10.05198682	10.66613104	11.10478889	10.32563997	8.957155054
FBgn0034397	CG15082	CG15082	uncharacterized protein	GAIN	3.641408446	4.377030269	4.768656789	5.828081751	3.906120381	3.524740875	4.199182397	4.867605973	3.213237428	5.651453198	5.30719792	3.432840791	3.737115559	4.66455141	7.145825857	6.45283739	5.374410438	4.42190699	4.58876619	4.869585068	5.162889153	6.429347605	5.760517051	4.291031616
FBgn0031282	CG3639	Pex12	Peroxin 12	GAIN	4.249319433	4.284631879	4.034034368	3.904631216	4.653144328	4.583209868	3.698059236	4.469683812	3.784411761	4.707246529	4.598527155	3.759301485	3.557156618	4.209696942	4.132665911	4.573934368	3.969898648	3.988235048	3.597008831	4.284322001	4.208343582	4.569943337	4.672875564	3.869248476
FBgn0031640	CG11926	Mon1	Monensin sensitivity 1	GAIN	11.21445449	13.7554844	13.27911325	13.55785983	14.9124787	13.3114286	12.88181423	14.02892841	11.56902062	13.27179737	14.13254058	12.45161763	11.8133089	12.16643031	14.35076282	14.48042841	13.25348316	12.71028058	12.04095293	12.71827837	13.09651053	13.98255944	14.95626703	12.58014077
FBgn0263352	CG7015	Unr	Upstream of N-ras	GAIN	25.83330522	23.00899713	27.38992366	29.58916299	24.77211312	25.06944607	24.4570485	23.77904809	30.38315203	32.79728264	23.29240435	24.42145192	22.14997767	23.47921658	27.99097379	27.70060486	25.96771627	23.48110189	20.64905848	21.89867649	25.42066608	28.71243149	24.87015435	22.71928315
FBgn0030316	CG11695	CG11695	uncharacterized protein	GAIN	8.956853274	9.373864541	8.040255735	10.7658594	11.46724335	8.947181655	8.618883262	10.98875379	7.922415391	12.23914714	10.25778938	8.815704675	8.36475841	8.638028508	9.306351303	11.3489938	10.57919311	8.66968911	8.240827165	8.946144995	9.918483717	10.93909839	10.97959716	8.319318083
FBgn0023388	CG1099	Dap160	Dynamin associated protein 160	GAIN	25.0122149	24.7628581	26.10777721	25.80637449	26.62520211	25.13698677	25.66913895	25.31706141	28.98897891	27.23475912	24.90637561	25.01329258	24.46677206	24.32554631	24.97364385	24.26239243	25.96671548	24.91911577	23.22926045	24.57855792	25.63441069	26.07820691	25.94084937	23.22367281
FBgn0052111	CR32111	lncRNA:CR32111	long non-coding RNA:CR32111	GAIN	1.302440219	0.872136847	1.196539092	1.279042265	1.314374946	1.220260891	1.301190134	0.745168657	1.216519118	1.204567506	1.449024785	1.187207233	0.96257289	0.93467495	1.334120303	1.250052419	1.822423535	1.121460293	1.094843628	0.839246604	1.03277587	1.314696498	1.464482308	1.017028632
FBgn0039613	CG14527	Nepl20	Neprilysin-like 20	GAIN	1.837186921	1.870365512	1.27978603	2.355702464	2.348318521	2.307639961	2.246623119	1.475807562	2.04668605	2.220487404	2.415899361	1.847422955	1.55334418	1.544236585	1.581741405	1.990184593	2.365781347	1.850878061	1.66640893	1.462673579	1.610706365	1.644581085	2.409635572	1.97640077
FBgn0029088	CG2019	disp	dispatched	GAIN	11.72373469	11.02576989	10.83550379	10.58729364	12.48666771	11.50049512	11.43343056	11.94180833	9.929193132	12.29572925	12.05975454	11.57781709	10.72682282	10.29505763	9.606512427	10.04021333	12.24604664	11.64582784	10.65219635	10.22281751	10.1598132	11.09634369	11.78195549	10.93392887
FBgn0037396	CG11459	CG11459	uncharacterized protein	GAIN	6.603972111	4.657926094	5.570408488	7.318944394	6.293545103	5.135993244	6.950306142	3.468356662	3.565715702	4.273922763	7.529353536	6.779840317	8.132014545	7.445396439	3.516380175	8.977777115	11.33451081	9.270670395	7.192417537	4.025889121	5.52462024	8.139694617	10.13686028	9.038571674
FBgn0003210	CG11427	rb	ruby	GAIN	11.84592611	11.62766793	11.82433033	11.34591218	11.76398932	10.9678728	11.41480373	11.07221072	11.28138085	13.61139528	11.54888796	11.10554943	11.55280094	10.81658788	10.23489882	10.93358911	11.86148511	10.60272786	10.46789251	10.71001423	10.94043351	12.37839028	11.87280542	10.17967319
FBgn0029874	CG3342	CG3342	uncharacterized protein	GAIN	6.260601735	5.53168058	5.030089995	5.881635522	5.513799052	5.787949904	5.413377326	4.805225969	6.712263088	5.823498607	5.706492198	4.829411753	6.002244186	5.024258741	4.402544427	5.477529104	5.560044651	5.198858559	5.010399074	4.967298815	4.948398146	6.783732944	5.34407756	4.129862605
FBgn0036819	CG6856	Dysb	Dysbindin	GAIN	5.268392881	4.559537642	6.101803242	5.940812101	5.513301418	5.217223906	4.911465673	5.459391646	6.662096867	5.626608563	5.902598496	5.862839076	4.905738218	4.810387454	5.204907149	5.220281724	5.453894359	5.759562995	5.285316293	4.750184043	4.832553326	5.357943741	6.027620167	5.28877338
FBgn0032079	CG31886	CG31886	uncharacterized protein	GAIN	7.111885799	5.780020519	8.602779225	6.600092237	7.854131489	10.56388685	6.448002929	6.324128731	8.06199344	7.338595885	9.232280094	10.73544786	7.200631823	6.210083438	6.703202201	7.708288617	8.104602115	9.840181671	7.534252863	6.73429143	7.319539052	6.283236885	8.827699857	9.516266795
FBgn0039209	CG13624	REPTOR	Repressed by TOR	GAIN	17.32855393	15.41754956	18.58085914	17.18798948	17.43105832	17.54677275	17.26665514	14.68200591	17.22976379	18.59889434	16.88762463	18.69926884	17.02244106	16.42977022	15.30964856	16.80930644	17.57558269	19.70599634	15.95742646	13.76611039	15.25053616	16.58212243	19.17787736	17.07762979
FBgn0035995	CG3529	CG3529	uncharacterized protein	GAIN	37.49434034	41.03652863	36.04940878	36.92801722	41.04270837	37.67851394	35.69444037	42.15194134	36.7945999	39.1057159	39.07431056	36.03475289	35.84303132	38.40407634	30.60203303	36.48038247	39.79697982	39.97537411	35.73941436	35.21306149	32.61143804	35.00328234	40.20830179	38.47092557
FBgn0033187	CG2144	PIG-G	Phosphatidylinositol glycan anchor biosynthesis class G	GAIN	8.46449086	8.405577648	8.478805315	8.173314635	7.628448096	8.44105981	7.795786311	8.833284074	6.309388858	7.872151413	9.169658095	8.663645223	7.930258918	8.004124865	7.503110519	7.533676854	8.837866969	8.732057844	7.626457154	7.641535063	7.354765435	7.622783436	9.075606893	7.766538786
FBgn0038679	CG6040	CG6040	uncharacterized protein	GAIN	16.8291919	16.61930849	14.8177597	11.92217913	14.47054683	18.27245615	14.40168001	13.44968907	15.29611308	11.97816431	14.90256245	19.33944696	13.58664406	13.28176746	8.739342428	9.980691032	13.76779652	17.81526654	13.64452646	13.04166845	12.83127477	10.10204702	14.69075178	18.92356636
FBgn0044452	CG1241	Atg2	Autophagy-related 2	GAIN	21.61308993	19.64519492	16.62507131	18.47877848	20.6241377	18.8719945	21.47294377	17.58017093	14.98314254	18.41978588	19.48266855	18.12693823	23.50203847	17.08585751	10.51229477	18.3811827	20.20311376	21.06316281	22.36854993	17.5424345	15.27279179	15.96905201	20.25441458	20.06635947
FBgn0028425	CG12317	JhI-21	Juvenile hormone Inducible-21	GAIN	17.04167876	18.34412465	19.19282241	19.18328556	21.98112892	22.48130526	19.75472406	20.93827947	17.38242038	23.36052544	20.72227701	20.18636668	24.13197105	22.0338981	20.20310603	17.80772003	27.57125618	33.09498605	24.94699225	19.58776055	18.6042792	18.94232058	24.595343	32.91217723
FBgn0011202	CG1768	dia	diaphanous	GAIN	16.59547417	18.56093224	14.57244272	16.71036924	17.88242107	17.2988908	15.81211066	17.10055583	16.0776664	20.51731804	16.96114628	17.93843554	16.31115439	15.70023755	11.58005173	14.0124879	17.09858967	19.06384723	15.52052479	15.46326983	14.53032825	14.65493979	17.07901018	17.5600395
FBgn0283478	CG4008	und	uninitiated	GAIN	41.70051514	49.5415062	45.85854985	41.88398936	48.89040289	49.82030975	41.11941766	46.27292735	46.52944266	44.608839	49.19816576	47.07609155	51.35415632	47.28508553	44.56593734	49.57423606	49.66919695	52.24056434	51.53437727	49.06539079	46.39511603	42.03138999	47.28056195	49.81991472
