WT2U_ZT00	WT2U_ZT04	WT2U_ZT08	WT2U_ZT12	WT2U_ZT16	WT2U_ZT20	WT2U_ZT24	WT2U_ZT28	WT2U_ZT32	WT2U_ZT36	WT2U_ZT40	WT2U_ZT44	INC1_ZT00	INC1_ZT04	INC1_ZT08	INC1_ZT12	INC1_ZT16	INC1_ZT20	INC1_ZT24	INC1_ZT28	INC1_ZT32	INC1_ZT36	INC1_ZT40	INC1_ZT44
FBgn0016123	29.8156671639883	26.9232763000895	20.1510168791527	19.9352925520226	23.7280137166074	27.202597624913	26.9475331333197	23.3203496953257	21.5974316658336	20.8913172042638	22.2620207062574	24.15652175203	24.9151647542476	28.9735931697445	16.5437514384349	16.7184539186475	19.5886531479572	16.3585408416267	23.3402088693527	24.5715721250094	20.4814286231979	20.9318373316727	20.1230528141539	21.2599921678673
FBgn0031800	14.3757632752989	13.0863996803559	10.3867473699533	8.39023136863994	11.6353089235963	11.3198715667389	14.1206945236858	13.5141628518524	10.0418197853491	9.83133296000449	11.3641993315129	13.0988913832979	14.6699385587366	13.9088137940543	10.7112064394441	12.0481834901535	16.7284801860591	13.2872576718559	18.3544119742771	16.7338366903588	12.9291286018077	15.1538913996089	16.006750232027	14.880951699967
FBgn0263077	53.884293882759	43.6548117810838	39.9555654299804	25.5720103936525	46.4459307556435	53.4307898275988	49.9056288599201	44.3169614466788	39.8646472209813	26.4089778193096	42.7845728502837	52.8547244191585	38.0840380272751	36.7926939845593	42.4271191171658	26.7054908448704	37.1875704601567	43.8000237800639	36.8356376812463	39.3151364248924	39.543913925335	29.0019619333819	40.7841572022954	42.9749454121854
FBgn0004368	18.2540982865621	17.0281908111819	14.3100373842604	14.3860272405811	16.8215018802728	17.6438020681986	17.2933107559262	16.6185547037461	16.1235266914725	16.5942379429008	16.4607331366198	18.593659946423	15.6148835918669	13.4314899273742	14.6212264827264	11.1975744535331	13.3958404285682	13.1974548016193	12.9833477887835	12.3194741826103	10.0783511146996	10.7416796224215	11.8499587794263	13.9527560334314
FBgn0036770	14.8092996594856	14.34783776747	13.1591301331298	11.4659278126372	13.06556129634	14.7454881079454	14.9954775048592	13.905218354727	10.5467984469244	12.5506237960331	14.3859678693963	15.403414386296	14.9987030781271	13.6255207008202	12.7462251241723	12.1867016780552	14.199198014387	14.645237581183	14.144086375333	13.3110842139877	12.9011971847041	11.3362427564767	14.1838704903671	12.854566440743
FBgn0034707	4.45108761961564	4.1698621272725	3.54160521701842	3.70115853645213	4.78257661875178	4.97967763022495	3.82302486036004	3.68594768381133	3.64128030827666	4.22624098790168	4.67321361203909	3.85175951149178	3.85527938392702	3.38690431969831	2.38526838862163	3.3006492352368	3.81265217101371	3.48324540550325	3.28211659500627	3.72305375414687	4.08104233650171	3.55296211428533	4.03183670607767	2.67112879863115
FBgn0037726	0.493557909256375	0.26411004588113	0.190643750133144	0.105557522790424	0.136439296832891	0.281613984595981	0.226691985462729	0.22904399051385	0.153533528968949	0.161591039089626	0.207864457418047	0.258214196678773	0.451949954107095	0.551644574223986	0.4809867860916	0.759925241455224	0.65834848131552	0.365677863944652	0.655793219825592	0.590218228259068	0.354211760684554	0.527487549390483	0.389428490068446	0.494344775008598
FBgn0086673	0.999467782485264	0.773080091563643	0.458889913317986	0.325205608361313	0.494122594210361	0.695758106877744	1.14936890149051	0.582344792060519	0.302727617684402	0.208075038111398	0.487674232601995	0.595087340408247	0.321795531477853	0.262728883829799	0.149183222930705	0.251635011066153	0.252260314656673	0.300947596612885	0.2223346013635	0.386347697324894	0.307301347156478	0.252137284508196	0.209413705353092	0.267261247375269
FBgn0000116	358.106817402971	386.388456042596	310.028915512306	284.2987893376	307.806913795504	324.72402217883	341.798242200585	412.078267143777	318.581853527338	284.635176536759	298.508359568692	297.430487369656	308.722252454669	332.443378320461	239.78052527179	246.075263977785	291.264898938525	255.827447738594	333.510685090214	353.045888724867	290.45118395744	277.705599004603	309.279360197981	274.804239340645
FBgn0039737	346.414080614531	353.485643795303	295.055198247388	305.791957289271	339.347156908695	354.139755566125	341.468240156225	332.082071005282	268.734317645007	315.118410801751	354.390371320978	341.065014160752	300.721228953027	291.40094085163	237.230837520752	293.194820734738	301.669767657492	304.553223244599	314.388692688768	331.483906856518	321.658092634052	319.308307214298	314.809345167548	241.323489815864
FBgn0030087	57.9717453048985	58.5271804108108	55.5112443732564	47.5227723337999	50.0983446078635	56.158720731788	53.9133643988285	59.425509094991	58.2975736207912	50.7481081307096	49.4625903832225	53.9484932705367	52.0989982549766	55.6399993331242	50.6209850782541	44.494716687327	47.1862087385578	52.3880811867314	55.3291012611137	54.6572407281149	56.8536901907106	45.9388823707909	46.2094579836627	50.3719989922177
FBgn0037167	19.7772019831879	19.3848305218365	11.6665907342429	8.76445407399888	8.6244802340393	8.81569334761822	37.4603151814892	23.358573402367	13.4324915314578	11.5213994518383	7.72485300011261	10.0421485593809	34.8763331422942	15.3349426430325	11.4238558458359	14.8594279045662	14.8287716738425	18.4843039112007	59.2407625740399	36.09425838832	48.1136458524506	21.3054742196578	15.8937704824612	13.6940277587997
FBgn0033982	3.22269409801603	3.18875527250494	2.25031218410155	2.34636085671732	2.06063473447358	2.40122443745526	2.81542456407557	3.442887504862	2.37171276542397	2.2390995415085	1.86212904480154	2.31302870778919	2.83003612498111	2.44129121995159	1.98031243134351	2.20900064665701	2.25017943030838	1.90768957083351	2.79297046469032	2.64397159196336	1.93418035481208	2.19357273518953	1.79114562830852	1.80455121143423
FBgn0051235	2.70331505110539	2.09520083066482	1.96339097900325	1.93767255022017	2.42072961551048	2.51123783425146	1.71207115839505	1.96503126015119	2.00215355359148	2.51828988712659	2.72023853200437	2.10772692906514	2.47043725749476	2.1915844824359	2.69838081228911	1.85710839115828	2.61466787815045	2.14802754883286	2.51002655521499	2.89150575318098	2.39971129876228	2.44125303835672	2.3568604760892	2.5291418857471
FBgn0037602	7.98371400511857	6.61570097326583	5.04266910195382	6.12909457787692	7.46205462394916	9.33513533128111	6.24864214981062	5.06124004070318	5.26657451565684	8.0127920926374	7.52136906742672	7.78854826694209	7.06516277342723	5.99906162106784	7.53115374714814	6.11470287145618	6.66669662870609	6.81719708181017	7.42209410585084	6.23293062320193	4.97825911134462	7.19652082350254	6.85205616533034	5.55554459483011
FBgn0035171	19.1871969203606	19.8111813613391	17.0069629498379	18.0881913750708	17.7316333707285	17.6887908758487	18.9241216649527	19.8521351361487	18.135948142598	18.8319062323976	16.3950975744415	14.5952647027857	20.0109052866698	21.3617464218	16.2239388319097	16.3247395995831	15.335361467582	14.0636183453676	19.5816830335119	17.648400979555	15.7214945269264	17.8679312992476	16.8471669271418	16.0093397539423
FBgn0000287	6.00104462683078	6.03087306346597	5.54953763257879	5.39472398893416	6.33699532852715	6.62634479519893	7.0445213060947	5.98147257608316	5.4931501112395	5.75106334874856	5.59822999319577	6.55805980269226	5.3903143705307	5.69120308790576	4.91975102127693	3.69962887435452	4.11920375923149	4.68702823209594	4.30325171269242	4.20512445169849	4.68677952856639	4.17077470999222	4.27834587379508	4.01952544259676
FBgn0262983	5.4435168038891	5.259245598661	4.3950546563723	4.0832176041102	4.6398228844054	4.98450231486124	5.13199202664645	5.71875430427346	4.26044851138907	4.19425398535221	4.61705211207288	4.58434585157273	4.9736555079918	4.76690700652714	5.10916425076748	4.63584991002001	3.87940020030954	4.19560396074884	5.22716655458483	5.67195814651279	3.96698535012409	5.02264142896881	4.23377886481486	5.34153913916182
FBgn0037046	7.74031923047042	8.08648287618098	6.92068995372604	6.17447445517348	5.97642353300278	7.62110873524354	9.29470242171653	7.22064619964759	4.9047031264493	4.85593347832695	6.96079002705207	9.37361122835751	8.85127474359491	8.24727002555607	7.28343790511772	4.92241261387111	7.64990864063013	8.01533592157181	10.8865809627557	8.64735305008879	8.25086111486678	7.97862020398594	10.2345349459357	7.66123019520319
FBgn0036381	116.275838420529	54.4221632020876	47.1877249932567	32.3098800846626	37.7528558023958	43.2604684576229	120.825375012417	65.4180005050779	45.633527503578	39.6006727117237	44.9741641323889	62.7799858532551	97.5245193957001	40.5202355280567	41.2654850470777	54.107766691878	51.5707389390375	58.6281755621546	108.958070080175	48.0641883611564	69.4742110340938	54.1807108598958	56.5302770958251	58.2120860148665
FBgn0037410	14.4039678049116	15.3365502024771	10.2144809697774	6.63782026620423	9.86992527693382	11.4267964944775	16.4961226613508	15.0215722998224	10.7292583074594	4.83124229114902	7.68724983637068	10.0514279844639	4.5979630747701	4.19584067220645	3.04864122360978	4.51782790570769	4.75754738068254	4.604872971353	6.47087170033088	6.05578624003583	4.41380425009339	5.65243972727211	4.44626350109278	5.30339196659438
FBgn0053138	59.0180254514675	58.304279603906	39.6459541389841	39.1890684999529	32.0964757804283	31.6392345830941	52.2040792104038	47.2505764974292	41.9630541592576	40.3435779609731	32.5541340649319	30.8476670179066	45.7420099169635	44.3378413029949	28.0278874960121	39.0699510834404	34.7091507018349	29.2505316649762	54.0126984933288	53.2188860038002	39.6602253996682	41.0659100845397	38.1391629492637	33.2014922449928
FBgn0034390	73.5816995574862	84.7103821747471	66.9782883169516	62.5281015398644	54.4316061871947	64.7703099465025	77.3943001470112	71.5856793413344	59.9231987472438	49.2712954272908	62.4108564382152	65.9287119183384	84.4129862200159	81.9871754879272	58.3830251144156	82.0971447372078	87.5743666849158	90.7146895653444	100.683094242444	112.690056045147	108.53751363083	85.4819014720438	73.1781894965133	67.4103191471341
FBgn0039629	29.7153694580816	28.7213525495421	24.4299537370336	21.78540153386	19.1192345308198	26.1426297616947	24.9947756038853	26.8935567267677	20.1588974221279	12.8775510086083	22.2041848005741	25.882159364027	26.3210766355354	27.2731851333466	27.6895384891821	25.7688533429458	30.5955885658839	33.8339483076363	30.4850233757308	29.8090705130024	34.0995881217629	26.0145124069623	32.3961670191853	29.0977413678582
FBgn0014464	2.12826752097842	2.20102687411341	2.07167279048017	1.3098891532137	1.54008716924101	1.68415272631579	2.02082220756846	1.83785425465175	1.69838106053067	0.98214993334104	1.19409925175022	1.71210026688607	1.29081247984833	1.81412641101761	1.76282125339705	1.27517143577548	1.43641451355609	1.39797636188782	1.38875581872717	1.32165339236694	1.77494496020343	1.17879672365182	1.29703825841609	1.35692801184323
FBgn0014869	236.450604846255	238.665557700756	190.235532939071	205.170901461456	195.739677225472	168.284725380509	212.32589401981	225.886464597551	221.917038405109	199.926672629327	181.062394266654	155.254119638571	208.40591436612	214.075333716591	143.362882261925	195.478175796048	192.660993304804	149.266210752545	247.171974222499	256.819770929525	195.29550652351	218.506032716731	210.015892651349	149.404323829819
FBgn0036501	62.5154311435052	56.3667721462763	61.8235228181561	48.487855848847	50.828015845459	59.2639143126682	61.2661126166554	61.6115581137961	54.1636898393382	49.7321834504509	54.5678167668912	57.2538532293664	60.4568444591937	61.1683137261493	68.3379767346552	57.4409108632288	61.6371567878931	62.542488593114	69.7162275913613	65.8693510219819	55.5664371031454	63.1931506801157	59.0065460592795	60.6111601730092
FBgn0037715	59.4929093699939	55.2502111005752	51.8867247386183	46.9203422751846	53.2039202450253	54.5714625776687	57.9078590402925	56.457227633756	47.761014191411	48.7578565979082	56.2622410612883	51.7409450335809	49.0449394642144	54.4089158506508	48.907988991527	48.3986927844577	48.4358813118424	52.7954040669076	59.3504333641619	62.2675400876915	51.4258534670647	56.7660720006754	52.8150358633313	45.2737988594511
FBgn0035480	35.6252838276526	34.8815893844722	29.4676647395	27.8093452584152	25.6032320853695	25.0986603397036	35.6661904873352	34.7480868022709	34.135549090961	30.2548882548683	27.6190188533786	22.5197798973643	30.7395556761781	35.6825103876532	26.1306603920796	31.7041884198353	26.7661892048353	19.251290207754	38.689703125623	38.7593701543278	29.9104937117029	30.452333956841	25.1764927953865	22.3238421732152
FBgn0033792	1.55999199693631	1.74760272142509	1.14920650716752	1.02871227539956	1.10059148892504	1.14423527768339	1.52664386956778	1.45349388782149	1.49208747880666	0.992557203379625	1.07817150029047	1.1552321210868	1.85511876531566	1.28527750352361	0.921079796315973	1.13592483280785	1.11150900298264	0.83021310996302	1.26973448670815	1.10912857420873	0.916245289539723	0.985379344252175	1.13400746742291	1.2866325353221
FBgn0038631	44.202652523009	48.6954002119299	41.2441592227853	34.7971878035253	31.4332321186614	34.8591493058802	41.0765316886701	45.3617387455735	37.5851408210611	33.9511543403979	33.8746508377665	35.2330442969206	47.3729528915707	58.9284584349425	44.670857187454	46.4162283907808	49.8662311219543	42.8198018724474	52.2545413310913	52.6871083120805	45.3774399737576	52.7141565165513	43.5324993538514	48.0382865953231
FBgn0053113	141.914259726129	147.508579649307	139.010797167126	124.861809948019	118.105473028441	133.625538869907	142.428185594157	143.243012005197	133.998837410772	122.572439206553	118.244824331304	139.132755989094	142.763856593409	135.254121059996	144.233128392633	121.015749933983	116.417438254396	130.562725684983	132.167899874478	132.130869661622	121.013498102434	122.392742627076	113.582578295922	144.135071809271
FBgn0036875	7.92348408670818	9.4137533260765	7.51816120654933	6.62499404826878	6.12630162168878	6.18168914357609	7.2459001898814	7.0481438679007	7.73747572591918	6.85157997653861	6.41983037946086	5.44871586450969	7.60753890552871	9.02923698880029	5.98840831288385	6.64420410624175	7.78116051188407	6.01359415307557	10.164606073379	9.35638178481645	7.09505477292653	7.74898100793304	7.99975161478483	7.7306244786242
FBgn0001092	436.652945303067	469.847320446229	434.357054060406	403.885082490674	388.646006539355	358.624425240766	433.894990951603	453.567584803931	473.452609427769	481.148877103968	389.129860656047	339.979120714434	386.190661581522	423.125577485956	344.512445494975	398.241059348639	388.01547186612	323.668045233469	446.562294641333	498.004878834682	434.627158181781	411.546408575884	378.742391239905	359.007214812777
FBgn0030589	26.3493377367013	27.357352736273	26.5173115923009	23.806393564059	21.1583856282478	17.7418711943016	23.9549487419494	27.3937406834938	27.5131480044004	25.8901381384092	19.197702893156	17.438666197566	20.0058865347667	24.0698408160932	18.7229764575938	24.3796300427115	20.080625903827	15.1158106386253	22.2918254142787	25.3687941489599	21.7704979887144	22.8646308226233	20.5691252620551	18.692867506317
FBgn0259714	9.1972536653138	11.8273414131766	9.44219076623155	8.59120949377619	8.06786291045644	9.1207601352587	9.85015229894309	10.5822820303929	9.49690173077935	8.80359706387155	7.78282618262774	9.87234154685949	8.88939527788886	9.28320399704572	7.71629077862057	6.55590903506246	8.0450852876753	6.95065543738	8.08722145066541	9.3907319608972	6.84205932101564	6.09591912537554	7.43669802715364	6.45230038901392
FBgn0261560	403.009865331426	441.576777973664	501.07972303207	274.143503606449	275.984666805196	362.364148860105	382.877616230228	428.588687780994	361.014672904238	291.282316679607	261.455988537414	364.586586556645	472.402643324393	493.78463496324	475.985797653429	267.558916935012	311.606572319039	450.478276305991	457.927056078922	499.972299248743	499.400581038578	267.297831886339	288.118664469569	430.104243789258
FBgn0033446	283.348724450754	294.369836761304	257.824091637591	264.333744286807	256.65675686433	240.437853057395	247.113340304027	274.545462658235	280.542571425594	270.020575731925	249.820996557654	230.522594267718	303.663119213853	330.675926084363	247.122798934443	290.612319928403	297.580454990705	235.890924249049	309.698467848135	334.469664092643	268.414455458283	306.615056925581	295.176454382702	254.300150019017
FBgn0001108	20.2508994311891	22.0484164789369	19.9933517800543	20.6153624514803	20.7638639962408	18.4078157374498	18.7166796506029	21.0664501876563	21.0986112945458	21.1619030467253	20.832332637607	17.3944683543463	18.9880716867978	20.3616501761226	15.9913407742347	16.4644838017309	17.4384875833834	16.2174376293436	18.0003842107486	18.3805305317479	16.1720634130389	18.2088421003948	17.5542380907777	16.2890633826101
FBgn0035432	29.136118300312	31.1090833862042	28.5781436428783	29.2062828125722	28.9172012081523	26.7862305590111	28.5856293995731	30.6602083399211	30.5618094107789	31.4706499076077	26.9817265611649	24.9489915210349	27.7743542635206	29.59617858288	26.358770983362	26.464432243529	26.6600527735543	24.1584727204408	28.8523274408595	30.465555098378	25.6083597172275	28.0603878463965	29.4958098876004	26.7155891320355
FBgn0051809	3.46881802310609	4.59108589919112	3.03620702753153	2.96165573916612	2.92682082709157	1.93179474368522	3.26217657491635	4.12474242416497	3.53023842954389	3.53857806078179	2.82332407631918	2.49677734485852	2.37114687712359	1.69238243942621	1.36098232792164	1.71492388809556	1.83857328549518	1.88007901583554	2.37180521661452	2.4332129805546	1.80988620120583	2.41523209358776	1.97044871444075	1.96427499472262
FBgn0000406	608.670659719024	551.346530514169	467.08426407747	388.808097285167	320.550440700898	436.823972695968	576.085297920633	460.766567769008	414.229023772995	419.111044486511	336.475594638027	447.545428916612	480.172637095452	449.591722940494	370.036466995682	494.566524378442	419.820218749072	537.1691514322	551.011662935831	504.08095014646	509.966050321332	446.687433443386	392.289270971433	492.25530366355
FBgn0032262	10.2853817505063	12.7199532007383	11.0371602402223	9.78907715981464	7.3430225864567	8.88166835886547	10.3448002173835	10.974346976755	10.3858200449734	8.16247039017658	9.90527048624347	8.43059407549517	13.3403970678867	12.1216901902919	11.3805581465824	13.9071571091223	12.7799062181679	12.9801120907531	13.4396787123005	13.6094822105369	12.4393969189012	12.5734373563115	12.597265031202	11.5207349211335
FBgn0039821	6.71001493882346	8.90442047491156	7.35592171207208	7.31374247483785	6.17367616762599	6.26268863491315	7.00072784682612	9.62206428874718	8.42517418615648	8.29884222543192	6.72348641427509	5.98529725662385	5.63654951277152	6.57339118464364	5.93128497330623	5.81994138774971	6.36761235208179	3.8071066563571	5.29628054621063	5.9338168896373	5.37964974863363	6.46787465684831	5.18386297510396	4.50794794097219
FBgn0262531	1.14665194703884	1.83896327778641	0.760097032323446	1.05319730801741	1.09418448355644	0.541647394604112	1.03397170713392	2.14649797877551	1.47060153858188	1.53887013464931	0.678530885064376	0.370620196079906	2.85204750656318	1.50537263898322	0.597286679282495	6.33996356655166	2.42207610723198	1.99144441157657	6.55910124550105	3.40385330454459	1.15992227863173	3.92577540631999	3.22434108547171	1.95823782653543
FBgn0265048	32.7694777546431	37.8119450683165	37.3498927947702	32.18987115343	30.8351895205382	32.5963581240073	33.5724017696226	37.7668093848496	35.815676370638	33.5355836103578	32.3229408768751	32.1132382671969	31.7612246965043	34.6304138012123	32.2602654863759	32.8990571326921	29.9360937479754	31.4521772194546	31.376272553474	34.8888036061831	33.5664673403797	30.4759914300519	31.5773217482953	30.396410245063
FBgn0034335	36.2742269137138	46.9449241923291	50.3702674625463	26.3435327212135	26.9005123611536	33.6162327196742	37.4523062934676	47.3390582806995	45.7431994822832	36.7430219976676	29.0842109832038	33.8751021818514	31.1510615053618	32.9339350278133	48.8761630299506	27.5098647613821	32.6103121666156	36.6619178803967	36.2007312998453	44.948653375734	44.7108163962041	33.928242310028	35.3150775870835	36.4764211896047
FBgn0266441	5.78311702870591	8.31105381570125	7.67400803485676	7.35107507568691	6.59847601169352	5.61761390597548	5.66677926319888	7.52013671388712	8.6982870699693	7.14206144808318	6.11136415387591	5.71008313880629	5.98449398590859	7.38171065045484	8.65100599359277	5.37124408633537	5.83520871801736	5.7887143940527	6.12383814701887	6.46886468403573	6.41122654430971	5.49370949696307	6.22729409150248	4.78622378467709
FBgn0267923	0.568388362204074	0.928136727826202	0.690526649269748	0.306666653003645	0.323579312090868	0.420573789537619	0.652315307567828	0.723790867348554	0.761253499530867	0.536520825563878	0.26499799794675	0.46763605914683	0.63218952905353	0.557440945373834	0.2512120600684	0.561766300965553	0.330388531270771	0.49269360189356	0.666682019479992	0.740494354806196	0.365887699208793	0.346738766982319	0.479975622043642	0.308854802625167
FBgn0042119	368.831638637807	418.377240284559	390.370402652453	384.583206355186	324.401712083942	253.257782381405	364.03334332561	361.687653406274	451.734755330987	391.183667642655	347.142998138882	265.999767193417	31.3815350540393	65.1681514379866	32.6629008912825	64.7074038156513	71.5628782055892	36.6651151034999	59.9189970929974	59.1656045328109	36.699301395032	46.6564226483579	30.6488724587297	44.414025229216
FBgn0261999	10.8632862540918	14.2961515522353	13.4647779167211	12.033896993237	9.46783518150154	8.75875376145233	10.5573917482035	13.8845132372589	13.0396700535775	13.4591094421003	8.07043158031762	9.00101950826653	10.0587809531802	10.5427429801112	9.29624160655955	9.31759354904447	8.29540396730103	6.20220069492209	9.36908678288435	8.71133201636678	7.65091752802729	8.46879193848001	7.59371739890205	7.57630701946712
FBgn0034143	6.64657926112658	8.41049628388139	7.12425714861383	7.33550613764847	6.03144665959098	4.82714670810016	5.81108939112682	6.81775535722503	7.7927332892429	7.37578110066058	5.9692230230004	5.02882644007284	6.77827452404866	7.1900597592837	4.15609803665218	5.8180214088258	7.6353299034056	5.84849504678188	7.37849475289809	7.79461817469056	5.93224642536966	7.04771137598632	6.54170999134371	5.74846881657668
FBgn0038201	1.92543820389155	2.96942788509444	1.70385190490925	1.92378795392082	1.18545273298725	1.24662164781512	1.96421695320185	2.1618642029125	2.1310722749046	2.03866115788932	1.10485079055751	1.32989175454646	1.26297552611121	1.58528433040805	1.76501806747633	1.28558607817779	1.0259372769153	0.649063018338481	1.69597214042929	1.2263553403124	1.03288262221909	1.54747752770063	1.1183690397235	1.20900917403415
FBgn0035589	27.1419796193915	34.5702805759871	28.5932323716819	29.560543192401	26.1931208624517	26.5101678671879	25.4141222198709	29.743995222408	32.6209366929817	32.6603280033232	28.0423909294614	26.6036908234569	26.2971221469307	28.1281537736358	23.5205983274256	23.0102893465859	25.4838238047682	21.1399553952117	26.8460306104359	29.5204137070372	25.61220313544	24.3758511881192	26.3368010342099	27.2554068156622
FBgn0052944	11.7714979325676	12.7267210987795	11.6983793107572	11.6742360503026	11.4347663297808	11.1311393820299	10.6990457246918	13.3913848568996	11.419896420236	11.7167135879834	10.4410816266719	10.7075319893243	12.3963980850495	14.5836955573576	10.1242548172847	10.7334130425315	11.4499202256171	8.97937580980476	12.6103800013963	12.7678602147937	11.0376103387949	10.7829984052591	10.9446967623961	10.7979238250576
FBgn0029937	32.58573892796	42.6358431341728	43.0129158403499	39.6178357610988	35.4818350810725	29.0736510807603	33.3894075461404	47.0668910248451	43.6697154561805	39.4703379635382	33.7104568568027	26.8348834991202	33.877444918825	38.6731959848713	29.4287028619814	32.3500437972291	33.1169502745927	26.4123511466799	37.4025529388106	42.2724475453137	37.4993297851509	34.7724075190111	39.999499423186	32.1224437470305
FBgn0037439	5.58738659947306	6.99120039542278	6.98118911127131	6.49283353478378	6.42895380246517	5.56916880752466	5.38177041399396	6.46566318740236	6.67146366905663	6.94027832619734	6.45138350971748	6.05246768374822	6.88305025604822	8.14952996260417	6.55179583100134	5.78807851254072	7.53362842116186	7.32006176659889	6.30560057129867	8.10479849859811	7.49471027124556	7.09811585065159	6.91209098850761	6.67944817359326
FBgn0030468	10.2943904682557	11.1001824903262	11.5641421189372	10.7148249035553	10.5758502571526	9.72736076958565	9.35570434212367	11.7559866001978	13.1263482907643	11.2922429928258	10.765382978265	9.90915400128468	9.75743915767028	11.2747510025583	13.552249408705	9.50646914076597	9.59582938885187	10.0256243370298	10.7919137520794	11.8967293059716	11.6354485872115	11.6031420398958	10.0155988439567	11.6633497634591
FBgn0000529	2.7195939817442	2.87468879999893	3.01063403274021	2.83420243613019	2.73707570202509	2.51991531043722	2.73530502765806	3.0721540791037	3.71151281411121	2.88145663488013	2.58640518067886	2.2219814638294	2.10244832444756	2.81362786276376	3.10870762438355	2.11192857877905	1.92133780289108	2.54684881038468	2.35510782157394	2.57505807767023	2.78545649977684	2.37431364857582	2.66369884879488	3.13502975300858
FBgn0038088	56.3987024361221	79.3697097697864	78.5889658286955	101.987670984398	72.6591500138646	53.0609955010433	52.0519037522946	75.707192594228	76.0334770470371	94.8958736328964	75.3598113412213	53.5984931624847	55.6645018458875	56.286842651659	49.1394848999202	61.8697467067168	59.2903628744917	46.9652367466356	50.0508905186547	58.2016069874752	42.1644794443233	59.0938381770843	62.3119973128436	46.6399489987559
FBgn0005677	8.0118416756879	8.84727172508703	9.04975615524212	8.14802586473153	8.106109920677	7.25344692371749	8.18022391253625	8.7735308067401	9.15598525165251	8.07793020579513	7.72952016340654	7.48453921869409	10.9734606501438	12.0212122879012	11.1561450529814	9.57818534216252	9.80505639682755	8.61180847739307	10.2790703998504	10.0832716468626	9.87427493925977	10.7450490130119	8.32834915441442	10.3866593043571
FBgn0038341	3.48202336343801	4.05840707561373	4.28049747831917	3.75622764987729	3.85014399198416	3.37581059509543	3.71216227564246	4.52058561991628	4.106471795926	3.95481938358745	3.74271870701905	3.65365954952782	4.04881964750575	4.62751557674181	4.69215150775789	3.80754681542852	4.50725995072568	3.86747937739964	3.95151386648121	4.24421581864838	4.30144334766486	3.74313181017289	4.08489665062113	3.8081657590822
FBgn0265464	9.81316910198946	11.3170836285754	11.4487843388012	10.2787134747766	9.75919692975311	9.89495819110201	10.1931825918752	11.243680941487	10.8106768550554	10.2412632498891	10.1759699147538	10.4669630555738	9.87869398058569	9.57833368069655	10.1096935670616	9.05317424138826	9.10368237113226	9.10630492545721	10.0572493661214	9.29163710952746	9.43040110823009	9.47441116819662	9.50296477227941	9.36398353653491
FBgn0030691	0.591841525112171	1.15348577988234	0.822104791787238	0.944227303682905	0.765159489380328	0.330211645473472	0.760132535411087	1.2422389563872	1.31844443106396	1.17052372821899	0.466962684871989	0.556742951837806	1.18587558786568	1.96809498463734	0.123757198277802	0.51475267415243	0.839245291002748	0.618937914031742	0.6625315957827	0.615595614715057	0.878723848148668	0.603961906883203	0.624917738467919	0.70751767818249
FBgn0267189	1.38010065861313	1.99068325785237	2.35664434688396	2.22971009107539	1.38279882296911	0.936093498135166	1.60825064747166	2.57756785340135	4.02411090287261	1.50123348030054	1.63334815553229	0.878933666514253	1.64522219247894	1.13962982697773	2.01288985419214	1.88053120643749	1.65456756523577	1.88617678205137	1.67830780090601	1.87889983572259	1.85677671537751	1.80811160498427	1.54650202891274	1.70483779516854
FBgn0033785	0.512919299894012	1.15164471936965	1.1233795236567	0.862503315320051	0.770883123356007	0.469668328355691	0.821854071030793	1.06611925132811	0.873730702127234	1.09051663264781	0.607039629457668	0.438410510160197	0.555134649447309	0.696803891160986	0.332487842932174	0.914526048927251	0.512438248550712	0.464619118699048	0.616142345345098	0.496160371041207	0.817197211658065	0.491700793673464	0.385696196021421	0.766462508876891
FBgn0265050	0.795045782179084	1.4280769343526	1.56420423943952	1.17963108386878	0.796600135607916	1.01111807874242	1.35111374574002	1.54475463389362	1.28111174904522	1.02206915842046	0.972300659550382	1.55897711445708	1.45907697246569	1.55657778252099	2.12589994364637	1.00265914332465	1.42974023944702	1.21293227167547	0.990417765142017	1.70904169032366	1.1259457106653	1.02891091629758	0.879183522496539	1.37813576250297
FBgn0016700	169.613299912	187.658603476294	177.498735374993	178.086629168382	179.67723043	161.628996025074	164.395042417787	172.126214730491	186.05072188123	191.616067589641	177.115421022443	167.09976281803	167.479020866487	182.244220458197	165.852156238187	167.377036227148	165.650095128207	159.067931908904	170.539480477618	184.154768412784	157.612910770961	166.153438926466	176.500341853107	192.436812771971
FBgn0067102	11.8036422858638	16.5596047317322	16.5969807259822	15.6339003052255	12.8964120633037	11.4380751533628	10.749549223105	16.8201405658169	15.8654781418736	16.8395982039755	13.4585193039528	11.4496355036127	9.79471804083318	10.260762765557	10.0308417994214	10.0909117330754	11.0217404740432	8.86664122514359	9.81135985724184	11.191059112097	11.0389041139915	10.2804074676079	11.435519871952	10.2044298183903
FBgn0036585	17.1107042024551	18.5657479874585	23.2340295998341	18.5953166318341	15.7906704300343	22.562657271757	20.004933457087	22.8894692496749	15.9625343182879	15.8072904456949	18.9182361940776	22.0735354109188	0.317831548947242	0	0.182427805525862	0.293723523076275	0.35988750727709	0.322010461237577	0.300499530947878	0.322643968879843	0.398556243781007	0.215827191693076	0.298760336170022	0.672862248576257
FBgn0039722	115.495957591926	170.746958572598	161.94458946305	193.163147269238	139.105582313504	89.1857356035521	127.994768256512	174.762689554861	224.861892854636	212.922232198409	121.52016271511	86.3800432253088	174.457965872932	216.834873164371	139.550709076006	223.342858960275	169.900044154881	126.145937944037	202.912272241436	221.324013697117	171.081902010328	250.278180170841	190.419664661406	153.028044639222
FBgn0032879	31.5247154485394	44.078451589615	41.1742061892223	54.8379149390931	33.9210471471982	24.0159740116692	28.751862695019	44.5012329432064	49.1219055040311	49.3656069226404	30.6328846704228	22.7237823670464	19.0989508615104	20.0236689280293	15.9414281172801	20.7491667468103	16.5136729186346	11.1706020355596	18.9189645239337	21.4925258009291	16.4540698978318	20.4935745776959	18.1413717883154	15.9263800655475
FBgn0035627	1.21185136380563	1.8689279276796	1.98270455466904	2.06443567589879	1.83632126651525	1.14162987485019	1.52551106432199	1.74414648144718	2.00439890988815	2.6630641935594	1.62899656191626	1.0606361973356	0.25344766604153	0.699411563319806	0.363682441884355	0.624595358824576	0.520158953443896	0.385170069390285	0.658973247930717	0.804016321163595	0.381383723952501	0.645399640754214	0.575746071204394	0.617042808019127
FBgn0028343	14.2734881057271	16.229260677641	15.8689257923327	18.3708169919764	16.0770698446967	13.7789521405283	14.7795475249084	16.5675374736639	17.9169488922405	19.7038901286078	14.9558644786518	11.824378971479	13.2304133573042	15.7218638336443	11.0610270909284	15.1950569569474	13.9155620736584	11.3720204261765	14.2670008514393	15.9847548949783	13.888747316371	15.5541049778122	15.2543512820929	11.6379441917717
FBgn0267330	47.3165850890629	53.1165096082277	54.0338091780167	56.4628458998178	53.5957300955261	49.2510635848744	45.785864295073	51.6362187964895	54.3637076829746	62.534980400898	53.1180536243826	51.1255159258423	50.6407960640487	55.1187442256424	53.3265939836836	56.9723820359597	53.0253842229707	54.7750983168392	54.6017629961845	57.562843963323	57.2417160269147	57.9395883679144	52.7757453100587	56.029462955614
FBgn0085237	8.09973812852367	8.60757998147048	10.0224794477891	14.8791835476091	9.55404818343525	7.71759821133595	7.11650911506209	7.78456124961458	9.7073593868631	12.9680714130842	10.4482702538628	7.2398813040077	9.31692517782362	12.2261577481997	7.29231148931011	9.95207438802123	9.65919128083957	6.86503706133164	8.69445309542527	8.29110093713595	11.5619068656429	12.817863321393	7.62048513609816	9.37545008884622
FBgn0033033	34.5460482365357	44.0251440077479	50.5626381934788	50.7404351871909	39.107603742437	40.2448009812217	35.6579178074168	47.2119876506023	53.5094061762511	50.5731428744195	38.5136135100155	40.0316082790201	24.3312199681653	24.7420790377861	32.0170810622512	27.1619880560778	28.4906785115365	27.7459789953011	24.7623649684845	27.7365240092891	32.1164956152672	29.8972404160163	26.4667254095238	27.5826876353106
FBgn0030086	36.3479862852049	45.0229853655278	49.3714164611998	45.6142187231434	40.9464269099417	38.2935062720872	34.8276117936561	47.1904138015226	50.9451901079401	51.5924742548445	42.1818129317182	38.1255553144637	34.9887430583637	38.2868200118741	40.5760380383166	34.798967100304	40.078759411896	34.5043596759763	34.3719892527774	46.3952443764989	42.8804426559846	38.5760832360459	40.999515264239	40.0652828013625
FBgn0000533	15.9012540717142	18.9648055751599	17.6727189289858	18.956782244985	17.7649351077908	15.5923015820027	15.9698130763672	20.3263416925397	19.0900392561628	20.7550421938033	17.2666399907429	13.8664486852182	16.7718757868169	17.0790635937055	13.532630807555	17.364119106183	18.8718221153886	13.8806823358621	18.2771410846857	20.9307615450044	15.790761837756	19.5680493655138	18.8506619969281	14.6871684215749
FBgn0031979	6.86215545797135	8.46494832659227	8.63878708345966	8.77975703037624	8.59446413482022	7.74056428183158	6.51893964738512	7.54952550492415	7.82950677041351	10.6213570980986	8.82756102379281	6.52536739123486	7.08998886338595	7.74869706538025	5.19766062095211	8.04428759179278	7.51148414043525	7.60993475773567	7.30068580531893	9.45987190893578	9.45411919217445	9.8674214999097	8.24821793242936	5.43919241795659
FBgn0037719	21.0699562960696	28.4028940136963	33.2944684097114	33.623251487857	29.205882241088	27.2657508275719	21.8517782599301	30.5175692023881	32.588716791236	39.3423639344383	30.8376131764496	26.0841233114377	21.3872679829697	25.0272625035273	27.6978889252419	24.6647392035737	28.6180904605927	26.1296280331141	23.7610623682795	28.8721160972665	30.5830510879347	25.4462368066642	27.7344312940983	26.1012690677678
FBgn0036597	9.27876977686174	16.6460951491411	35.8969277428627	37.5865415352708	30.2518507355761	21.0000603017695	6.80389760354774	20.8206765652656	37.604011137174	31.8961861857513	27.1422790393492	17.835791012411	2.85144996884967	4.0352984121042	14.1162353082105	7.35649664428245	14.327614533897	14.8660109490723	4.77408600201	10.4930154840354	14.3474068594592	7.0796338112345	13.6809588910243	10.3377373581
FBgn0037327	12.9232138544864	14.7260260042465	14.7528766300154	16.8886553343818	16.2400116229268	13.9541515656345	13.4161701355162	15.0221138399134	17.0691286791773	20.621760651734	15.2352870351534	12.3499924768241	12.3606230821852	12.6906946901661	11.2919554649632	11.013215636232	12.9090902941182	11.0987549863618	11.0977833477417	12.528623510634	11.394308341085	11.7350554544269	12.7098724804386	10.1395770423252
FBgn0034451	18.5617620484586	24.7337836684642	26.1928655077563	27.4784235899242	23.7548471899509	21.4855134086557	19.5714172918517	24.7640762109805	27.5853401812608	26.8908769035653	27.075477263628	19.9291880908837	19.9534246640967	21.4627866894394	27.8397973544356	21.5739843730535	24.0783570102459	21.1346751725816	20.543068848968	25.09926573003	25.7531594695078	23.095915817756	24.7610653458329	24.2433537713438
FBgn0085419	15.2169803032164	17.3726263859459	20.1272083849789	20.2890538933661	20.3755082625071	18.9044930515532	16.1398386937648	19.6517550936142	21.8191192534518	20.2244915630704	19.5758223795296	18.3140785830943	18.5267283803122	21.1710135076354	17.063707541031	15.9528949965937	20.2039922856983	18.1629905546945	17.5872722015834	18.8833150154675	16.9062216383172	17.878968042274	19.1935308791459	17.6557738182534
FBgn0001961	59.0102993387879	66.5580770549406	65.0463655704197	69.2238441059933	72.2584239443662	63.7690455408035	52.976630594804	66.9406257950898	66.906578864224	70.6834178162333	68.4365332834746	60.416940855574	53.5190159280399	63.183232402029	56.2261034329189	55.2984842802238	61.5025308914152	57.2888588485837	58.6323395811589	69.5690812274592	65.5141783079837	64.3568772643222	69.1730224997445	56.0777072762038
FBgn0030396	1.59035036832372	2.21604362666584	3.77831566484113	3.79640849212278	3.71807235603022	2.71832775981907	2.0591750911638	2.16540384055277	3.59257795736719	4.80188578417155	3.37955613153364	2.79328877816146	2.5743803673843	2.98233773269576	2.85217639351241	2.58197934926425	2.89807850098328	2.30494640917106	2.00002610268029	2.02079591706622	3.57358259831838	2.39864195767921	2.47618375846473	2.15467780815782
FBgn0029158	22.8799178525009	24.0262384752715	24.5951013008624	26.6089718661932	27.3931137552344	24.7989780440054	22.4950106040564	25.5324740489147	23.8196143766969	27.9036790741528	27.4012294794381	25.9414641979779	22.5042329660998	27.8380483483095	22.3739133489519	24.0468218025577	24.2306780391178	23.6483419527663	24.2216191478526	27.2558956274449	23.7098293696578	23.9118608294069	26.3164409348269	24.2891020056339
FBgn0033996	16.5635670497825	18.2018626087682	17.7397840901943	18.5638047020965	19.1566225353919	18.0085987203208	16.4452410699441	17.1908923004628	18.8186469294121	20.0728252837388	18.3217300508226	16.3292669487353	17.1823216516812	18.1303888272041	16.6542900028553	14.728946910577	17.4287402028444	13.4488041196078	16.183407471067	17.1543639522382	16.7224056198836	15.7004546162216	18.2651420463806	17.4159498170898
FBgn0040074	104.017045203036	136.711563584912	140.13289858292	204.868856091012	142.007200928749	112.618382292941	71.9379785231841	122.328819636801	114.041742390384	206.811073515853	129.456145540233	89.5750620521361	57.1576362176935	63.6503850756613	121.042449210317	66.5069069590076	106.084735039819	118.795496767091	62.8659077200549	105.854108789995	108.292625985662	64.5001455595737	83.0833276387674	60.3073448337962
FBgn0033226	34.8125390770456	40.4531193712479	38.56228758054	45.9743101210034	41.1585441241095	39.312438374479	32.3819991479016	42.3839743860539	41.8031323324433	55.2808814266741	42.0319434254575	35.9558287328954	30.2088395250596	33.1408281081042	25.5989394546363	30.7619814715536	36.5146732926912	27.7608277991565	31.7116525944255	35.1276672784783	31.5864487462617	33.8572390447025	37.8218077106964	29.0208413298977
FBgn0027329	27.2971572575481	37.0692037841026	35.9890458420709	36.2692822833665	35.5768838543627	33.4563416593117	29.1219586447967	36.3719958469828	37.947599185221	43.7674392592138	34.1794231282633	31.9432615672259	28.5341367529912	32.446662113948	28.229280650926	28.4457899534742	32.7157197493646	28.2071568444787	28.3789841160451	35.0978448194698	36.5186065806387	34.6877148395485	35.3807393951869	29.6575576836598
FBgn0032587	7.00011341194532	7.94455592675091	8.62588118489295	9.9121973387987	8.84404804076141	7.45696978130991	7.45592776885221	7.62978276179237	9.01311188104818	11.135027317888	7.4634235219459	7.12673894287832	7.86373787857034	8.3715648300339	8.99058888897788	7.45252133560355	7.87765652819587	6.25922990091686	8.29643116418405	7.28442611070869	6.90385349463194	7.27670401671812	8.30837140446927	7.76642516277788
FBgn0263864	10.0452561065256	10.8973253253124	11.3948367410847	11.4405774592012	11.1358774349838	10.7495663274692	9.94921883244396	10.9225274284621	11.5618639370914	13.1392376871716	10.7675876440398	10.3527485572873	9.63284092871147	10.4339900345947	9.55013111106983	9.24155379712197	9.83591793644563	7.72745972717986	9.60609757317619	9.55645270142864	7.92780035090194	9.43787601635042	9.43543429360664	8.12136328420818
FBgn0037008	8.91048975049418	10.5754964532345	11.7786637807859	12.0383940860298	10.8151107230618	10.3923867584339	9.28607357837284	10.9985302618446	10.6459930434003	13.8403916169927	11.6601295373586	10.402498492858	10.2267861983321	11.6360378700456	9.08665758022322	10.5851964781225	9.76194863489106	10.692810013551	10.7520371909619	13.7349020862519	10.9262563130498	12.0002990854542	9.99766202058875	10.184404682009
FBgn0284244	2.01126944784413	2.49304907999907	2.80998087169622	2.85757389131497	2.51900197260559	2.28813902109664	2.25498168067087	2.36288463169215	3.01361264739315	3.09185041836258	2.59673015146001	1.91215855655464	1.01526879270747	1.09585082720176	0.829664181418515	1.3040210503042	1.40291477387656	1.42960432815904	1.13886923031394	1.23152913121464	1.07461025549996	1.63009302228966	1.3263825902718	1.48634061975917
FBgn0053116	14.66444854277	15.6887419811407	17.572777697242	23.0277418084322	19.2270689843412	16.8788613585126	14.5994202387022	16.2930741146332	17.8007213550855	22.2714115173191	21.1456165192812	17.2494783457349	13.5266509245824	13.9722609121259	12.6072719105452	12.7374515377352	13.8501532383566	11.5904110417586	13.879282210452	12.2914251154038	12.821516283813	14.1323851324949	13.334400089011	14.2988585005962
FBgn0032034	6.79845492240147	9.35998781467592	10.342172646572	11.2078363962121	11.1303043049355	10.5109379759911	9.19094401399561	7.64966964440552	9.94218620196474	11.0070595173518	11.6219517598829	13.4715974956175	6.90008101261543	9.96011291901668	13.7176750136077	6.84045887393461	9.96171566016168	9.4058098891369	7.47272230575433	10.4590786719487	10.4775162280525	8.81740938941453	9.49321497478132	12.1908319317764
FBgn0037010	35.1216421487821	37.494290116765	54.5228099453502	61.9812368676167	61.6965152734248	52.3507890349483	35.7504150761538	38.5057447911488	50.1007854272293	61.2334613475549	60.3131941457401	53.8271520990115	45.2166695737518	47.5395669995534	59.9695129880155	52.7572745948305	68.7195447094527	72.2975561677574	48.012560651409	51.8696238227591	69.0205270147694	58.2631244620625	72.160997845508	59.4020788578123
FBgn0039254	19.8689190624141	23.3028101240521	24.9382614970085	24.2655970276338	27.2033094890668	24.1129718366443	20.5347699692977	23.1894673998409	23.1079627779802	25.8449435635935	28.0725384387436	25.2657082241902	21.6341849232344	23.5435744924081	23.679905445791	18.6758165183221	21.0549506119109	23.4478426072231	22.9649840119288	23.5152535191043	22.8598293560657	21.0684075635709	23.9881242400571	24.4624081146217
FBgn0031881	11.7331834788406	14.0011238291996	14.0717221483818	16.5354905618162	15.9566098716351	14.5326823850247	10.3651431287651	13.4404185238805	17.2714737881263	27.5128577062221	16.6263034897123	12.0747762195929	10.8947719442344	12.261229916152	9.22102955963252	10.2049067457874	14.3018428193103	9.84067418114578	10.789502034082	11.8095467163489	11.6149213328193	11.2478037579292	13.5737179346816	10.9772206452065
FBgn0044011	4.19639265903162	4.5682687052497	5.31919300301656	7.25558238934049	6.58036492955516	5.41496096449194	5.00276013209672	4.59394915735406	4.80639285624933	6.84875827586069	5.84127274728487	4.56284418775625	6.96758370967257	7.47023346757517	5.86062064623725	9.25803417428125	9.18932036301197	6.66882465928939	7.771578185855	8.94728676549401	7.00590626288793	9.48464048410982	8.26987526443071	5.83228727250554
FBgn0041337	0.158966041154787	0.324474934490118	0.295052850182821	0.655172904046788	0.575166321701359	0.296514214891947	0.283013739210712	0.287318283567864	0.341537166936351	0.812193660659542	0.418080438943188	0.372987377375668	0.398955581324954	0.550476852258575	0	0.714344952904592	0.550565432770428	0.555776551680474	0.306474756617485	0.398668266319263	0.281410102713054	0.63495797989964	0.421893663441831	0.348399606800765
FBgn0031216	13.6321808076023	13.0580952429846	14.5232946543788	15.4170156469343	15.4326412801254	14.9135045261194	13.6777048773121	12.9876648765038	14.8168153283192	19.2324623634685	15.2616661875418	13.8522700278635	12.8013085605474	12.425039610034	13.6438871277977	12.9129496469901	14.5675527497818	10.6749418171108	12.3314625820694	12.195105022627	10.4008409166913	12.3450420814944	13.621582932746	13.0859862645127
FBgn0265101	26.8367886964822	34.741845243858	33.2965373833594	36.3443793331177	37.2584628480096	34.7258765725722	26.7606978704639	31.4959096875527	45.1511685003	41.4997033672893	36.0601121821386	32.8725881196453	28.1810640066554	33.9319317468138	34.0045429500206	28.8240683978851	28.323146822707	31.6858293857776	28.7277551586172	37.4267003900617	36.4120984318328	33.7122073424585	36.5682651472107	38.8645234777646
FBgn0036945	6.80060736566045	7.28481156560976	8.03796686649498	8.87941682785192	9.31233394421569	6.75300768331763	4.80773815494172	6.1457743469184	7.51425233650927	13.4500063784772	9.10018651643556	6.56495759351637	21.1977362244412	23.6944589250824	16.8398335314708	18.4068921703323	22.5242289214858	17.8970402231264	21.9781832144937	23.4678575894484	19.0694516372993	21.800469097675	26.7602316849187	23.0886161777603
FBgn0259936	10.694459433765	11.5467536336799	12.6691082197161	12.3704167800635	14.0529411482602	12.4860988010828	9.93133249709622	11.2490606931337	14.6363733549155	14.7942347671549	14.1093146411387	11.4592277133239	12.319901061585	14.5238161179912	16.1946138269095	13.5710105291199	12.938085032846	12.760499083157	12.6360771661982	15.7865911782841	12.7867903417454	12.8850898772744	13.545231381667	21.2379793368797
FBgn0000489	28.071006291579	26.2742047331122	33.0447992096568	37.0532389401177	42.0331026881657	39.1734686940734	28.0884539643344	26.9678248498215	35.4235776727771	37.4808120808002	38.7714895525646	38.4471258276908	26.9838402382173	27.4212626495185	35.2964457943555	25.2532544549493	26.4403215694946	26.8262182158151	25.8358303725271	23.2510855354155	26.7154661400766	23.1066364966131	27.8396434727164	36.2028188696276
FBgn0037468	90.3592516461729	83.6511293973892	119.355563430545	125.73957927557	164.137912770016	148.824918479761	89.8224081041195	87.6151795888931	109.078572842423	158.797096508189	172.132859317024	153.355835871109	76.3486826351744	72.0343392952278	98.1307429386439	72.6679399055704	114.24881026513	112.886348860629	72.9908682770135	82.3660543801863	89.0383511977647	75.754544331743	117.679385767873	100.530109010856
FBgn0036505	43.3413913831999	45.381371966394	44.7257050709411	46.6074327115447	51.1748716772459	46.8453516558308	40.3215302004647	43.1795169074592	45.4676722699395	51.0933863070726	50.315603327545	50.1812959619528	46.213161603643	45.2766972018946	45.9314505028072	43.4751701174534	46.0772789967431	43.7449636671761	44.9442383488124	48.1640804627554	45.5665844780399	45.7508580892184	47.1719865926119	46.3412229718088
FBgn0036489	11.2771590674761	11.5537881414104	12.6667821663296	13.3497991901148	15.2782280972652	13.7683113085358	11.092498695108	12.3610330108015	14.1018774377564	14.3534301874048	15.9871095860782	12.3642478816981	11.469230305644	13.6340053554011	8.90187923107359	12.6558460178807	15.0608768216636	11.7934633060851	13.1096556353211	13.7108071094129	12.493239576093	12.066073869471	14.6107077680805	14.8729110694976
FBgn0034380	7.85972461931262	8.46275717478593	8.29541861104574	8.97360358880004	9.75107639803403	9.18893070458514	8.2996508289806	8.38106720218865	8.61381513912271	9.89026027344402	9.21429922249165	8.53335885708104	8.74715886846255	8.49290131683991	5.79559105247546	8.29455145507703	9.05947590434058	8.03374817395288	9.6005747579758	9.32358340839955	7.62570946434327	8.52240705659838	9.08027141385127	7.56021121349015
FBgn0030217	3.03810656127912	2.69557571266614	3.1421679087622	4.03002458281018	3.70974802847949	3.46623780075111	3.05261234506617	2.71382549867461	3.20168732911741	3.69897414814788	3.29769587347007	3.1609885379134	3.07412340728698	3.15756298736497	2.67517065213266	2.68820723540117	3.36860916229167	2.17683084388019	3.37527294861945	2.79350297570409	2.52434235726774	3.56898422956444	3.09162894723941	2.8761354116353
FBgn0036263	4.15145719359812	3.94065374441304	3.93414671505945	4.29004049203461	5.34037383081386	5.04792056538423	4.1297876729894	3.64495580486168	3.69827533993807	4.555886512897	5.4591629543801	4.36125591012455	3.39883971675579	3.51980472116934	4.48514040970941	3.75749663878716	5.21986061720599	4.50555109379279	4.79020818210823	4.36527816755444	4.28997955913945	3.89883061967972	5.44923717359737	4.25676597935213
FBgn0036145	156.367057436027	140.685595987493	153.612287652727	172.828962692442	183.994010750561	193.245432123186	139.560283543882	130.470888474414	151.522423611946	183.052009564344	188.638019224951	175.403775283955	151.292258059052	144.476973058281	125.753385212149	154.446980982371	148.88433037765	141.14727610702	146.8165133479	150.508581482912	149.668609079271	146.112424019426	164.859650732319	181.77071461643
FBgn0029831	17.1144255387323	16.3978957349339	16.5065354473166	32.9685660242534	35.5942591718336	25.2044484554409	21.9446251037639	14.8897153502936	19.584386582843	23.8148946849761	37.971534486464	25.0681269282043	22.260466392382	16.226530904226	10.3637085552461	16.4598454722248	16.2603719197012	15.9585900762094	16.190550485616	18.1707217019148	17.2189472726413	15.6073382422679	17.1223416905816	17.4388100126871
FBgn0003449	33.9941105221073	32.9142192310297	34.012985855662	34.4934488956703	38.3987500696823	39.0509059600492	33.1251482162172	34.4749824864511	33.0251540174659	37.4348953577655	38.4085241958174	35.8897452153333	34.4158912782193	32.8696802783078	35.0829425285544	33.4338275141409	37.4578244625041	34.4778721874064	33.6324353272139	39.8281761584309	34.7604049875456	34.1583363638504	35.1976648345297	34.7628841421321
FBgn0031873	8.54972358010832	8.40513689828259	8.98159609470806	11.3334928812985	12.0920818501424	11.8940708511267	10.5053229793774	8.67256557126571	9.90748206876417	11.157869100987	11.7017728571349	11.4046599623081	11.6043829982293	10.9223278002624	11.8760501397336	11.3312008013425	10.1803178621007	12.6997348018087	11.0233244602713	10.5437360330192	10.296036297676	10.9838054972468	11.7313225336095	12.6542960215575
FBgn0035046	74.5029917027577	68.0556165404597	67.1106476548786	83.6218206522421	83.5636572590833	82.607914315105	77.2900942406173	73.3124775252735	65.3923611179349	82.9788262274382	87.5968576855994	87.0423471632229	76.9388115079219	68.2808757205344	53.3095165568641	85.3477036106826	86.3396312929024	88.715949185183	90.7894388851826	72.7603573443445	72.9893503839131	92.1991595212675	83.1119148788494	79.9832602701317
FBgn0037150	11.0059236039071	10.3283461885676	13.2033448507635	11.4507664312221	12.6916429057333	15.1919102432589	10.948475561634	11.2803999738141	10.968262373424	11.8126528547325	14.0315375888721	14.6775949219053	11.9685989377601	11.020646626615	14.4100425230284	10.331160071279	13.7310925853413	15.0054810767088	11.8235007753723	11.949460645509	13.3531670752937	11.4512927284845	13.5658259055151	14.5609978523627
FBgn0039977	46.79966738352	40.2550174325176	44.4031588461819	43.3340081007801	51.4354610386123	51.5320545046475	44.6846351473677	36.9221947197629	46.2932370036178	50.4933203497289	52.3496206849636	53.487996178942	49.4975826029191	47.9132253006285	54.2160921961825	47.0435565021307	43.5291787636917	49.7919659850601	47.1642482376168	45.1312754403481	43.9381576541069	43.1436409481764	48.7761869929201	62.068685211971
FBgn0013746	19.7385537102258	20.1355135586448	19.4533618898281	21.3767749363106	22.3318804038979	21.6188984867465	19.9599565287986	17.5103692894281	17.7160132181105	21.0722809051353	20.8999897648735	22.4757631120222	19.9695150542565	20.1784878804466	20.3134912230374	19.4136570143558	19.9644674400121	21.2688822093343	23.2210431976737	21.1231565554867	20.8744417886534	19.2694653153434	21.2696426119815	23.5062086601847
FBgn0033100	23.1636866625912	24.1006367006344	26.9882709978694	26.7649218844566	29.2108998910845	35.8721502258801	23.3567478648192	21.6742465186012	21.3287060585998	29.1901632136556	31.8080275771071	37.3096180886351	21.1570608615295	23.0972862013941	28.3474949722313	27.0997949234905	28.4530083288293	34.9218468694313	26.6305626279459	26.1449914866143	31.2561741906065	27.1181583878637	28.8339241367112	30.0599092152758
FBgn0032251	5.01626174310663	4.98970343704804	4.98311480308765	5.20644067749181	6.93149156922151	6.39751881827474	4.73404800134282	4.50131977589654	4.35866479709248	6.53248234594987	5.76951005741599	5.25734589062846	5.15317625878066	6.06936016592788	4.52257392643507	5.80693316554701	5.16684483061479	4.04201128494891	4.77786287239567	4.35371059091513	4.62763280017022	4.707155157656	5.15647810873349	4.43417681382791
FBgn0047205	1.27267602725452	0.93053153841334	1.29743716764685	1.39039306056934	1.83978910272173	2.58968883228264	1.25433545833132	0.789641202869379	0.787068265729237	1.18339138546807	1.63360217546316	2.00560475470664	0.0357539896949463	0.0758971853365244	0.0307829189728709	0.0826049825136751	0.0303637593620251	0.0543361353721261	0.0676084999644267	0.0544430336290248	0.147955482722436	0	0.0504129027596382	0.0908311713474636
FBgn0035534	15.0145282162048	13.5926752387211	12.8222075555882	14.4668854134846	16.693772733026	19.4710428801599	13.2206910311663	13.4281646424809	11.6044944045225	15.9246362144562	17.4320902510185	16.8192192486758	12.3002833847353	13.6769628505793	14.1201445398107	12.9235232069452	14.4874779103797	14.3164757187802	11.3526298379757	13.378421894317	15.8650770772852	13.7222103661165	15.2098189402396	16.8331277307832
FBgn0052039	29.5573385321728	27.211305281806	28.9433561394777	33.240959548138	34.6343233003818	41.5255750927574	35.9729707821527	29.2169972934354	25.5308308671409	32.4641933752579	35.0467198557549	43.997511200089	32.775491611301	28.9820078747659	37.2053330143754	31.8328285849293	30.2720132469039	39.0228432276602	36.1693196307987	29.6425941942149	33.9664016975773	31.5242438754333	30.857884649909	33.014089332414
FBgn0010213	89.1433529647325	89.956088183139	91.8409892442959	91.9375799213894	98.304053861066	114.545472859641	93.344293614312	91.1734040745978	87.1341349361731	93.9593328347602	100.108310755075	105.75780166639	83.171036505201	89.6223874674503	83.1518518814846	86.9516160014351	102.48603414128	97.8497259959262	99.536497506248	92.5354028401488	99.796284511764	91.2695982085243	103.005695857719	92.5264479090462
FBgn0036193	11.1118856411719	11.1343695753342	10.6020105723211	11.490944559051	11.8850519135832	16.2106935795011	10.835286434587	11.2037928432619	9.80883004247491	12.7592019155345	12.4987976337818	14.1288499937905	12.7048979697595	11.9252739140603	15.7752044462627	10.4233202860094	11.1198136705714	14.1854082134659	13.8097986196135	12.239244240534	11.6724537816811	10.8282773937592	12.7549697906973	13.7777398846628
FBgn0038425	6.25759112667185	5.94168812994086	5.74705471904488	6.09800626426121	7.46960635538389	7.63990843421093	6.70689347339818	5.86449146789056	3.88393214696309	6.87558200827659	7.16813589016142	6.33906657954592	5.14762469471415	5.66731627796732	4.35680523785294	6.49071393150906	7.44649592263037	4.64073900018861	7.25912592407423	6.17768305119934	5.48132057623526	6.97629657854972	7.25811875518936	3.98967733273451
FBgn0030573	2.54456058931795	3.13939513777661	1.63727012143116	2.40509119942953	2.73838979872702	3.6244370130921	2.47101010939656	2.09513999911891	1.66612311066304	3.29911221270593	3.3014805773398	3.8665371382184	2.71407542607957	2.39490757322539	3.39053900594246	2.45902795168023	2.93762343179592	2.69584375341644	2.26418049360033	3.3224113323194	2.80280988103403	3.25239587481927	2.25107614405885	1.68994337894731
FBgn0033268	330.728553146622	291.640403157661	234.519631943195	322.290121948212	428.473580638762	356.399764919879	319.27287795641	267.943881218355	262.052054606107	342.587162467166	390.593048864811	307.048537446755	221.39448597011	234.75704788763	143.85178453023	203.495624056638	288.902873912148	223.829192291094	280.388031980722	262.030981413913	214.384144340666	267.513792445729	305.878569582301	218.093915132762
FBgn0028515	29.4229085135277	29.4692872780893	29.357213640697	29.6456231294965	31.8860091384846	33.0502752433939	29.7303590998636	27.4634710174742	27.1514323541758	32.3463781366508	31.3003807884312	30.4618074089657	29.1163888639795	30.4657710146431	28.7239559228385	32.79396010283	30.6509732863334	30.2981540489509	32.632874744703	33.1133591517453	31.6965786561384	31.4186590419217	32.7576125322252	30.4350330536749
FBgn0053198	10.9211420111218	10.5041593751697	10.1659406067732	10.7208255643122	11.9165410844777	12.4582075921162	10.8464999213478	10.0190796777427	9.06562837351458	11.6587980777093	10.8362484913011	14.5594564750367	10.2782578470729	10.9752599741913	18.4358667142351	11.5134978506444	10.2496327749915	14.5945356662518	11.3741998581135	9.54463365008896	11.834251915256	11.0642046288517	9.77130969085797	11.1764641472233
FBgn0039764	8.55562401046036	8.3824258921708	7.57853460889873	7.70407373083191	8.86794897338885	9.90529370037592	8.25102506094156	6.87863567049006	7.87786470802635	8.05207048524837	9.96263469166697	9.25595591143842	9.88450999165553	8.11007256954421	8.12773157711237	7.80046431976478	7.07387582238482	8.32664088011757	7.19287484343758	8.32892936331183	8.10551727086611	7.97544031912203	7.72543233207442	9.52246356137268
FBgn0051759	1.8712372293802	1.82671373055719	1.61577262736253	1.73022381041392	1.98698173916648	2.00730090792873	1.77764590717621	1.37857752627795	1.74172986297873	2.05156833346045	2.10227275505563	2.80204160734091	1.66537380310158	2.29177902220327	2.20842453333931	1.32676945269675	1.83696951830589	1.88120960271711	1.77363947408759	1.76346017711866	1.94433058477346	1.75483141289166	1.58343807368935	2.13971315550578
FBgn0040323	16.8325890412697	13.5420750026168	12.4766968374451	12.1016932049936	14.1916991806065	18.6295192259965	16.5055169391356	13.0845980383588	12.3993161916235	13.6682204875645	15.69954116196	16.0731738593977	16.6144884214382	13.7356132336717	12.5081088306438	13.6164849965713	15.4659892097882	13.5707415298032	17.4132604012019	15.7285771652758	14.5743422039574	15.7426892764361	14.4068873219766	14.7892483561577
FBgn0034942	2.45076980641834	0.956982852954933	0.672433060525706	0.632395464372838	1.24557451229279	1.24672954119136	1.65560371997082	0.914802197663004	0.343399419754979	0.737594242923514	1.0509001218801	1.60723334759479	1.55438228263766	0.851505172019807	0.518039264546722	0.417042559482345	0.936806412072424	0.965212018671414	1.70665382462001	1.14526294297043	0.377259345258358	0.868251374215656	1.2254495213895	0.700598555006118
FBgn0028582	73.2046785998978	67.9901623044066	61.3856647908285	50.1115460983967	75.5359953575961	91.5390486266656	77.1855494573365	71.0644756272222	60.5208169522874	52.1279263311218	69.7286622123522	82.9770303067275	54.7722391731546	55.9010272694646	63.5841891139241	44.1796933559475	48.0657332876985	55.513826596959	54.6053253370867	56.9579661577889	58.4995488383731	45.1754345587533	49.802185862904	62.7930610504331
FBgn0031627	61.8739619227685	41.3667006028589	28.6970993370329	38.2336152293661	49.6014388423974	48.5717966185635	65.6252936359019	46.0845121523736	36.0286651699516	39.8324355067414	43.2211307431899	47.8775084737336	62.929457202224	46.2887389410025	40.6831757531293	43.7960240553387	43.2711525567551	41.022670538515	61.1410081074255	43.0249113500944	33.3388121435228	44.0826231296612	42.7839262349867	60.2186530505369
FBgn0036285	5.92373705193219	5.55118928479794	4.38284617121571	4.91309792925326	6.01690337844434	6.39972021168833	5.06062870404415	4.80144766627347	4.25486189385575	4.71046123387029	5.95872629607437	6.10003094394221	4.96196848485607	7.20641244864122	3.23292476026082	3.36395023789856	4.39287688570098	4.42549710560843	3.56834845791412	3.92368674904647	7.2360543100067	4.11753317752119	4.89834168947205	3.65027769852619
FBgn0264005	2.59870017632472	2.09816896567298	2.02582031391482	1.84219751445666	2.59172622183262	2.65865491132591	2.32730597537492	2.12667038831166	1.95414971224043	2.09867794562324	2.43766593519511	2.64221436479005	1.86146850249262	1.70748930150473	1.8717179101235	1.20544689375984	1.54621881450993	1.43166510819733	1.60580176851087	1.74827456718831	1.77880456887509	1.49471810417226	1.71145647264616	1.05279876884207
FBgn0035914	27.9120445860716	24.5239101837859	24.5912305906554	22.7679283439124	31.1303345685559	29.7235735373434	27.5473810425132	25.2358126692835	22.6149363666855	24.1374517781973	27.2114196001093	29.7208359104558	25.2215473865851	23.3359698484553	25.0658543806958	21.2405016315614	23.1881026854156	22.4539847967707	24.0037127265624	20.7521961500725	21.4481654917573	22.1503061329136	23.4955708331485	22.3306659517398
FBgn0037481	9.27374955818445	8.33307603410083	7.76978763230108	6.66205932377926	8.91120726106392	9.43528641614522	8.60320295988418	7.67847702752379	7.06026293765591	7.01887798395987	9.19732630527724	9.53380824649098	9.89805412702365	8.85989777024512	8.47989440871753	8.56148522901012	7.86753018294507	9.08959610908022	9.77319223876012	8.61250687661018	9.06138541269065	7.84713795799449	10.1291265052709	11.3340541901216
FBgn0033054	93.7624202446111	87.0262457508393	74.1915093718661	75.0539498168641	95.7429305485086	90.6954435551377	96.8667291062334	85.9001730750809	73.5496976981285	69.8016252841657	91.2666285372734	95.5045847061012	97.7886917011327	90.6225062495791	91.135457842858	89.6529635510341	94.6594448716641	78.8707327465456	95.1199807745681	92.0386661875198	83.681483727267	90.4526857813445	101.670157281715	88.8253523005338
FBgn0030467	14.5468812117413	14.9694991949607	13.5509928114302	13.8460855254328	18.6316604329661	18.9610996999515	16.3386520132324	17.3132401966105	13.5966878120738	15.2808393815556	16.6315217131413	16.2839224353785	14.9046331131593	16.3404081697447	14.1445091551883	12.9624481077156	15.0926306984383	14.4201591081623	17.5354419171779	16.7364308430151	15.1594673758142	16.33945217471	17.8952965555563	14.3714303995908
FBgn0052195	4.00810608126713	3.18402720638463	2.52243126022048	3.29248882282644	4.1277701611267	4.06790269883023	4.01657438463492	2.94578943814446	2.64779572756852	3.79799333511009	3.97047478662712	4.10965992470561	4.2170393046168	3.84040675728861	3.06416935675449	4.5138652658039	4.79340997270603	3.46493901265558	4.47779231179431	3.8528021286859	3.16589107234971	4.25768187249068	4.15566534121115	4.52072287436906
FBgn0037956	19.333988498718	17.2764214278231	16.5185483282812	17.1119992376034	18.8448276970893	18.3669831063447	18.8218055283609	17.5591664418759	15.8407337583629	18.2319995970902	18.7426968609322	18.1853271489777	17.4270338178172	16.0134202241057	17.3662897125285	14.7955761283104	16.6689273739386	15.3040486620178	16.4339416705333	16.3097584117839	14.9494396142729	15.1098847828981	17.4583132924674	18.0766538880458
FBgn0035911	16.6831745269523	14.9648811354238	14.0631204983572	13.7571423490579	14.6034150465344	17.0394366616626	15.3235268924058	14.7559636139897	11.35032613169	14.232061174719	15.4799115020487	15.8026565639704	14.3040991295688	14.0023388972587	15.2699543848622	15.9415176399337	15.7068077110929	16.522922517637	16.1657103458535	15.9773762224656	15.0123553816683	15.7764830281854	15.1871810871035	15.2761951769234
FBgn0266450	4.57618073266258	4.4730168189957	3.96488157215142	4.1166886803479	4.50517211697456	4.82451580225279	3.9074186245535	4.25203262836822	3.39975780609664	3.90614953430631	4.6930592989037	4.64797182957471	5.09536805119641	4.78269560669437	5.19269436942743	3.78792261993617	4.01075160649501	4.78484322129188	4.17025690310164	3.69465653018078	3.59899442933013	3.10700041656312	4.08910145248714	3.64339817025909
FBgn0086856	14.2735910007026	14.0960369034534	13.5970663839782	11.4714793791091	14.1963385069159	18.0459923585718	13.3514170293324	13.5156866045699	12.128159313602	13.1808328888491	14.6569751134038	16.4111012066064	16.1496662239508	14.2998449395853	18.6240958152643	13.6923747599467	14.344087790044	18.7637674781295	15.5491561803255	15.4541609304439	18.9508998922638	12.5260909223974	16.1555213363519	16.8124498080347
FBgn0039158	7.93502594262472	8.04748253645731	7.76687409500918	6.96901644114584	8.31894994735968	9.81098255463573	7.60200051135548	7.62115409268612	6.45455850372668	7.95237259868666	8.8997845747765	9.05267647184607	7.50141098869994	7.76280612777169	7.15042591564441	7.45853803657196	7.56497694648513	6.78575091901473	8.89709147783868	8.13342442016363	7.33215764779002	7.87965742024677	6.98833718604255	5.99783429561187
FBgn0266428	1.71805101305509	1.38296927667111	1.05994947625855	1.29251108654508	1.7577777014117	2.14188763414315	1.31591385320613	1.44327985732802	0.868958710018913	1.7468087531148	1.66101556856805	2.360274047139	1.29808764369438	0.870167432476408	0.117642893905236	0.883934683611415	1.25711077021876	0.899843002626255	1.33495812757892	1.05766176722696	0.531171441686941	0.881481437692473	0.813464663053657	0.520693401275653
FBgn0000206	79.0315352130254	73.8730241826476	62.9490212645075	43.4336537052592	68.8044529507819	86.8916284578153	82.8881601541915	77.7665602768488	56.6907650786806	39.4452573389532	60.8589967973658	78.4772445127771	42.5460373463626	42.1254417383799	40.3620157420751	31.7032933140781	40.8362431444298	46.5532579348682	44.6842370337406	46.0096938828122	46.2946424372691	34.8810552076203	47.222840754013	48.4991426576172
FBgn0036579	55.6512619714892	51.9282575288314	46.8494909075467	39.2418027629251	56.9387095362261	71.6500643349211	60.0558968285047	54.536981035984	40.9989768031525	36.1175578371613	51.1959031856604	68.8633024907438	43.8312806536892	43.5914627997035	55.5746420788823	35.8968424956602	46.1359548802585	49.4863094289868	43.7524304533485	48.2801523958393	44.9805182736968	36.4212442884165	45.2865260448599	42.7211877584763
FBgn0036382	1.82296878040689	1.828590369978	1.16007986297894	1.18495493417622	1.87002164918584	2.64960366476425	2.12433107912301	2.21226910094702	1.63059809764251	0.875598283044065	1.8903654132685	2.19975071603646	1.02939471823211	0.915685785731748	1.35051032150489	0.996614142975222	0.915833134190206	1.68855236887764	1.52940806049592	1.08230197023499	0.848270453181666	0.449371540913195	0.967626760431265	1.68115134942784
FBgn0033891	13.0915356786945	10.6290475746068	9.9095943784456	11.4664673866689	12.488143112675	12.575463237897	12.3224983179967	12.4257989023252	10.6739129522193	10.4869780271947	11.7718433532854	11.7671295787978	12.1832255124896	10.987730960743	8.53368872316187	11.4499409295003	10.6972251508088	10.9835454480512	12.2672485665244	10.9265456960958	10.9791505622164	10.5517849399825	11.355129004522	10.8852592447069
FBgn0035577	0.85219711084066	0.540151097433813	0.416247766610912	0.366018650971358	0.64601491947524	0.650280971036426	0.838453372901509	0.547203836824911	0.474942598908309	0.310476897296701	0.513134485951938	0.428472597584639	0.664842032844885	0.645166140434195	0.672349254334241	0.458371388853941	0.546687047719398	0.449055671902575	0.558743829864374	0.715081819024145	0.404941193474813	0.623456744238938	0.505910892876388	0.884712703613417
FBgn0267693	0.878143817126993	0.769306144864579	0.666236716550312	0.634027202866585	0.808144497102584	0.808660985190395	0.939904553812976	0.834135263551522	0.714146444835498	0.608500734650099	0.561364317532455	0.676779772908094	0.711833695647955	0.691498837379901	0.571313528982199	0.579791171939594	0.732594413429242	0.452273592806176	0.71294059100509	0.597073364084253	0.444801736040246	0.528439655126762	0.680461747036418	0.727948320881634
FBgn0002938	786.146801764904	711.343876850169	613.960067932077	501.392091947025	716.370081842558	721.281195163444	775.911567699728	716.389522027603	662.814178249032	451.741191632857	619.551807213673	670.664188306559	422.690533575916	401.238795887987	422.502797597896	367.467708936625	392.356558183629	370.097356782388	407.845976723286	419.017722384252	423.279484695231	372.457301248575	453.932471305583	429.232285611766
FBgn0051357	18.7458883629468	18.6986096374945	17.8230409850828	16.6164008724806	19.0009390912266	18.9245695661068	17.8371356760628	19.1208238174983	17.3411599905774	13.2492724343825	17.8403205318841	17.7982209927495	16.8218161272077	16.3969705941692	13.8000503309219	15.4700213200958	19.3032226426995	16.1839150234843	17.1458132131676	18.0761235580998	16.607916919616	16.2987405410336	19.0263473258704	14.7661441701238
FBgn0035227	26.5465431377961	27.435187275651	26.4357764396343	27.67209730685	31.0480889894627	28.9172458758479	26.1839735467854	28.61804105632	31.6532931736935	29.0679253836754	27.6241873061431	27.7023518976947	24.395449017468	24.6398493215509	21.7755730099523	21.0517967355838	24.0885947626765	21.5935606123747	24.5397980420342	23.5441293183599	22.2549985309621	22.3565054649368	23.1774421267631	23.4187224924337
FBgn0031893	41.7658910522533	42.0475174335476	41.5006718312895	39.137217817822	40.6362719240347	42.8028752022305	41.9674084786708	41.0851843729658	45.0715027694882	42.2270937803973	40.1162197272658	43.2220814781371	44.2620008634478	45.024885644711	43.0753287316008	37.0176980201905	39.4218155600581	37.9054223756238	45.7208309328398	41.6461047072231	40.1782106098966	36.8978704419152	40.4055230639344	42.3208441216102
FBgn0038893	6.71664045573158	7.57299360471077	7.15344609016075	8.10698727292199	7.37737882679796	7.28107617874381	7.06603741921059	6.25054420878011	7.91476649541651	10.2792389173383	6.93972473283439	6.31183245553396	7.71344051004804	8.75398880979349	7.32129659459846	6.85018379050064	7.63700727901461	8.61540482270226	8.60907385062568	7.64880070087119	7.19071130760116	8.20178652032984	9.19588552466592	7.59926879300379
FBgn0030914	0.958735502500174	0.864311373605566	0.474529260931805	0.612466130612111	0.767153721491856	0.833184445948516	0.698267452009363	1.06497274390329	0.606915654783635	0.829567359886585	0.693405038718203	0.441868704747579	0.939894332536815	0.989604968315906	0.679741218136838	0.538533153375334	0.54277392246328	0.6475315298476	0.782003140226312	1.03045571745271	0.806172065302907	0.631863663006589	0.759807221804981	0.405918043335701
FBgn0037375	13.9128657851864	17.5487354006506	17.0301474523047	14.2383065337022	16.9187127255717	16.5688549169924	15.6066075518339	18.5857550468148	15.9476997416039	14.8517926584428	16.2829127624827	15.89163952846	17.5088553741702	20.9390220260723	15.6092663391898	12.7832823936285	15.3111834010559	14.8817661743909	16.2207576917208	17.8676908110994	18.2509366310612	16.244167786611	16.3004541112835	13.7961572600012
FBgn0038818	36.8696002821861	43.8985064178588	37.8421957685287	35.3273142315299	39.9399712284926	41.8529522561103	35.886518553187	41.4927206928352	42.3997032262188	34.4882660694365	36.2259470538225	37.1972609883245	46.2885260027863	54.68143115695	45.0535401336498	34.8901741519317	39.2518263099874	39.8845890975724	45.8735700145541	53.1679368712659	42.608528415762	38.2809988709755	43.3282028018739	42.4191514386582
FBgn0030806	6.94810362933135	7.50427315457728	6.90505169655176	6.95390102152307	8.56506829736605	6.45684379743938	6.98634526786611	7.34205999090356	7.88376618600974	7.30366975705619	7.92091547855332	6.6842369182138	7.31143064521113	7.78207072833735	7.44746705291245	6.11447075716341	6.82133924767303	5.6860869276987	7.13178823336956	8.25189951426533	8.01914800197046	7.05402052670768	6.96951323974681	5.82082356405521
FBgn0263511	2.13818732922374	2.00926168627506	2.41612522778941	2.10168935799438	2.49269185015819	1.60078945110497	2.24615022991225	2.30903830238639	2.20407037430404	2.12771474424399	2.20693075306273	1.94726074945589	2.15153791002179	2.22449573696157	1.93956961636167	1.87137915794261	1.70894559091404	1.62845881296383	1.97438034784637	2.08133334838095	2.13300543877866	1.8821461842059	1.92726320905055	1.59153313362661
FBgn0035033	11.7623403111628	11.7436324561904	11.8071512786956	11.4822212096992	13.1316012660948	10.7122353250528	10.481182646169	12.3416458986124	12.473387850568	10.9563339605408	11.7309450485254	10.1666567132956	10.7797150535638	13.0431742531998	11.0300555851448	10.2302658271814	10.0700353817091	9.15721483577085	10.8582664897782	11.7741774053667	11.3235974315144	10.7900945920965	11.1851487684598	9.34787075186149
FBgn0051475	5.45262983425275	6.57393299071184	6.34217272312618	6.22047674005279	5.87303674197427	6.39824084964217	5.40092209625248	7.07931015381727	6.1084982349644	6.14689309364942	5.56407827030433	6.98169888718217	6.46588557389545	6.87002799138845	6.24435175997898	5.8331655910929	5.56372965351678	5.25111851111903	7.08365040140675	6.74611569306317	5.99744114339628	5.68007708138079	5.93319355112653	7.3440110839396
FBgn0263745	5.11012693209369	5.5380302264895	5.95456877761079	4.78268844649419	5.79744243860665	6.66795380805793	5.63000877458008	5.6120951351496	5.61261546940994	4.78138894668125	6.68967921862473	6.77465440970702	5.90920207545501	6.46419033039361	7.39003745405562	5.32146566714081	5.20148857844101	5.68099756817514	6.48413715840815	6.37085637987974	6.26338988585079	5.25020902569324	6.24388549976848	7.88953078555755
FBgn0035157	2.65107707910336	3.3286127251424	3.72146002556171	2.7324982316046	2.77158788251743	3.46789986634725	2.14176744912949	3.92589711222574	3.97954986486686	2.5114529010077	2.97056351277928	2.86746650565871	2.55791835440927	3.43593791265931	3.03264390253115	2.49952958853144	2.51059691294052	2.03925275224235	2.31931375322562	3.11278603355005	3.51783587648093	2.47733792489654	2.91685269993507	1.83762269912126
FBgn0052100	5.45092038829273	4.96540895601475	5.8864381256944	5.25810539556841	5.24717644649481	5.24794989763661	5.24961483822008	5.19067171120644	5.35095140105061	4.81119564263803	5.11827604588374	5.86633996855396	5.78720110379086	6.56991790227961	6.05939549161143	4.89764903239217	5.04074802723743	4.68204299348542	5.47161294387068	5.69729153069728	5.5664103292332	5.22542606941917	5.10119385121164	5.03533004794392
FBgn0002939	0.382537967790081	0.892366561073494	0.750591568317433	0.297304858740158	0.410663408834786	0.278000921426048	0.371480714432771	0.83956502174547	0.65414900653549	0.243183336802803	0.431174680878769	0.412145687847994	0.642891928798951	0.786070714169963	0.797050344948564	0.522832251739798	0.349420980219814	0.364753087710574	0.607833689557136	0.763572681384258	0.638492452285412	0.340519299645507	0.555970483901782	0.685958225226399
FBgn0003598	7.080236061475	8.62374847074714	8.94049273929542	8.05585348740794	8.77876033592139	8.42384071012405	7.22311820693295	8.59249094809371	7.97106809922242	8.10148925084779	7.913929138779	7.8394336545503	7.45541825032016	7.99226362101957	8.87196512781525	7.08340259953257	7.59928371260971	6.32681598109261	7.04025206103531	8.00493675907734	8.07506039023276	7.15823291648997	7.29043832804835	6.20930231354921
FBgn0050122	41.8912941770024	44.3927753115993	40.320340976755	42.7748571323802	48.3192921176889	39.2986143553584	40.0441539649178	42.3653284752432	44.9658624590301	43.3798112709487	45.1424501777249	38.3946827876315	36.4912968231267	40.4011667886492	37.8827931488799	35.5340868737753	36.2266906295027	31.3684950300194	35.7426089289546	38.7324558163558	35.9042362199867	37.3217175428969	37.7327691314066	35.0957263993278
FBgn0032741	17.1262418018884	16.5717119833211	33.5365232466849	16.5428882534122	20.4149264072028	15.1300603858094	17.5635965362593	15.4166131544388	34.5202737548847	15.5226843266808	17.1770297343683	14.3476428101263	16.1811314788527	18.3787739950738	28.2608018255087	19.9059886106766	14.9373875820911	9.75116748950574	16.709403686592	17.2154446027633	33.551149506182	24.9156118351785	17.3238210896346	10.6238429543943
FBgn0036028	12.4963424036021	12.970144618019	12.4803564946007	14.4265492287745	14.2073615577867	12.4005165040981	10.5392823614795	13.4897981135264	11.4433585196976	15.2351719062162	12.7769718224077	13.1168036739693	12.8240315610266	14.2541190073114	13.4822713569506	12.6255145579079	12.2041460158694	9.33642291302336	12.185638535985	14.0076546082672	13.9396931514436	14.9332149767455	12.8420186920492	10.4776015789511
FBgn0038540	8.90813690072336	9.26192592683416	10.9022168243621	11.1520507851902	9.52988704490677	10.9750962057001	9.39406236461188	8.11326258570623	12.816331620485	9.56613502093609	10.4878634556657	10.9872639040776	9.03873083074464	10.84486448253	13.5339602732007	9.32160749683092	9.95663137119942	8.16218539495932	10.2178401762477	10.9209468184307	11.1865994372699	10.1408035481544	9.54302365344605	9.40128501272843
FBgn0038371	1.56908378529621	2.00899721483137	1.50911995021976	1.69315807541575	1.57810653993591	1.37872223396871	1.07353665482688	1.74026796864682	1.70747215136563	1.93954982491384	1.68819050236038	1.82884384347848	1.54384161634616	1.76684215511	1.67593894915949	1.42673878703035	1.33959587106534	1.08809763641544	1.58657903201191	1.66090992009131	1.96962422839046	1.4358022080954	1.35656092301824	1.27892941262232
FBgn0025808	3.40354171200927	3.56657816820493	3.56152366344652	3.4726535906343	3.82640080223131	3.19016350842806	3.66951100831507	3.41487945697472	3.65212723544132	3.39220522911176	3.76377889838729	4.82384537162648	3.45540834472575	3.8334781527934	4.08246009557491	3.63617798616861	3.64131929332195	2.63201895012656	3.50544323924168	3.84057823625485	4.02307875785002	3.39119806848956	3.36661217726936	3.26782951398505
FBgn0031037	115.278612651179	145.578362025773	137.352187097941	143.042369684145	125.402341420934	129.811107420531	114.81052325612	142.680361760623	137.583067655913	142.052471828338	126.54246942403	118.467545944024	114.285328918826	128.678159753736	136.060259474901	121.955394451457	118.603832627062	107.382037104589	123.513720154828	131.321705613082	126.937966877553	124.523225997805	120.927101458481	126.313021462912
FBgn0259210	31.9865037734258	30.1420393906077	30.4570724632016	30.8007808966322	39.6933365261031	33.0431171477723	34.0847037770958	31.5582074224388	32.0413851377636	26.6882281395055	33.4502540735637	29.1804794117017	21.4830610892433	23.0914629904339	23.3959182169678	24.0066717137372	21.4187719762579	19.4464218195748	21.0561030091311	23.8228989399222	27.7768672692471	25.9466769694648	25.5040398538394	19.3525569876648
FBgn0040609	16.1981012060112	15.216042869727	18.1035873566719	37.6439694062185	16.3606545230971	10.7210237698186	14.9687714006654	20.5409525829881	12.3489124672673	46.4178180914318	19.5139976428513	15.2374889171438	12.3759790426076	15.4495823430268	18.6290982584057	30.5245583084294	19.2106796665236	10.7949080350708	15.3431525213387	14.9762013362408	24.9131042993179	22.2067329035788	12.6349172235517	6.66289547823676
FBgn0032130	6.71045531413544	8.55262484385564	8.50254376906837	7.462033981267	8.02653710903143	8.07000698309985	7.77234426880311	8.11603729931283	7.63427410029987	7.77261627428975	8.2082470366726	6.76229249529795	8.23576327216174	10.1048619648986	9.52412648460989	8.37342412158032	8.26894472602536	7.11093807371758	8.01679719239948	10.2446577265722	10.2563057105509	8.32001128259649	8.60599651498074	7.55822205812482
FBgn0028506	5.91510419715796	6.05641242470979	6.36181318226653	5.69280079348717	5.20585747979699	5.49765015897589	5.34048677046544	5.66337932592887	5.15211498552545	6.03905286393627	5.9535967847203	5.3050270867764	3.97206234207888	5.46785575742222	6.68416434566158	4.97779354574684	4.90652915680388	3.71941751780262	5.20642970046736	5.4068203318961	4.75450471965982	4.78153278350393	4.69543840729342	5.04541001262259
FBgn0013531	3.8161047526589	4.61586714908218	4.86189433284861	5.12614356246289	5.58586718362353	5.08090247213461	4.7580645963771	5.2794157383071	4.98872927541828	5.17133938589722	5.98463804412775	4.21636564439903	4.47824754630453	5.72257458518847	5.42076219814263	5.40881812600246	5.45991341199307	3.99806366948333	5.36591126429332	5.67131558798628	5.47109724346325	4.69699909559242	5.16814087152874	3.82979955255207
FBgn0267435	351.565516062653	382.373961192764	465.83095792928	372.58882644864	446.089140570479	450.797324204009	362.739415073978	415.23192735151	434.156390375854	330.372882126274	410.843785769062	424.453007774919	144.677286404404	183.483888219082	292.789813037193	241.956721544677	240.137524629397	193.852148299856	150.189895835589	217.959444477037	331.248340197646	244.227693386182	258.525560552366	181.051376291761
FBgn0002733	8.69209408670083	8.11642972465956	9.12358923730962	8.94368626365121	7.79980542628741	8.48772629183355	9.11999804793233	8.17114004743904	6.16363334803568	9.97863949705626	9.5382187994642	7.03260453865779	10.4841080334737	11.2573685303318	10.9288804966874	13.5991788758444	11.7382940640408	9.66931344783674	10.4013395926867	11.024658642154	11.7791708514762	12.5945538416314	11.3133839092822	7.04675285768656
FBgn0032287	34.050847158873	35.6581565381686	33.2057904936851	45.7821032234126	28.723951467393	29.3720609892139	29.8129143150927	26.3358291031737	33.7569297229792	34.6739877355193	36.3645298920851	28.5599213778226	32.1930747978321	30.3552426903353	35.4829355583747	55.4361378917355	39.2969032766587	35.8854210024154	35.0828809113651	42.0417441458813	46.2365924763005	49.6356070924571	35.7070221664301	29.3419451364785
FBgn0032514	9.56300580099047	10.4576582098136	9.65654713529376	13.0616226995577	11.7702685816166	10.3345291825054	10.1045768368022	10.3213605378847	9.33012044170994	13.8910465470664	13.2529803078301	8.54504246200707	10.1425656061105	9.87916559656033	9.91678290910818	10.4721670691921	11.484645452813	8.48058856044319	9.03835134159321	11.0772247814609	10.54330824446	11.4948774285702	11.2654260905111	9.21084271189977
FBgn0030456	8.05597054660663	8.13335160850762	8.44091797464508	9.44661748692312	7.52203331359792	5.99299007635897	7.40251539155395	8.08265218134403	6.42077762593285	8.97291897159326	7.80850466624415	7.92664309437014	6.70536281737306	6.33386234139255	6.77327918725942	7.79773459400898	7.94456458052304	7.47494378606874	6.28189651841454	7.6189598741668	8.54132883502953	7.80575009956625	7.95060935986741	6.21323863578927
FBgn0039690	24.3653065125484	23.4894956795821	24.3512927759582	26.294786410179	25.6648876171019	24.7579373024369	23.6913623992476	23.0354310825714	19.0986285984444	22.982380208535	28.8609694929847	23.872827463891	19.8441500989119	22.3914554904003	23.7925983191594	29.9943550623773	32.0821074062276	23.9175809382391	24.9604184133373	23.9273303685945	26.3441599837519	32.3709048246718	31.1719352286246	21.995023677053
FBgn0034501	126.429591179426	96.0947705488555	106.043421208868	134.935962324365	117.696062045727	119.11547252501	113.70436238936	92.5460379198824	111.600897022837	134.160844867426	124.259203612229	124.372157841645	127.432665735468	120.2903377841	123.683216481163	162.768589749337	158.861804520548	150.191741148887	136.284426046297	117.898787073839	126.333325624575	155.415315583436	156.366980402645	182.687887801058
FBgn0038651	10.404366053654	10.4454397630775	9.79868692467278	10.1136165396038	10.9824074784411	10.3634299585973	9.56726259366833	10.0990091574044	10.6150462151025	11.8129494696164	11.2747616204812	11.4504442096616	8.52258174763486	8.4529210582118	8.46170523956305	9.16647521115572	10.4459395146593	8.69587691387292	8.56644221772216	8.27426756684453	7.96764595691539	8.3793552403126	9.29525476222706	9.21326828075495
FBgn0031745	3.59738936225268	3.2888901443374	4.47800375092282	5.02858492195233	3.59722797862334	4.60245969916457	3.57708130122169	4.65262215832212	3.57026380856367	5.30414166885408	4.31699390807881	4.05065795432404	4.15600718839449	3.92480809843945	3.80508367204869	4.14053468435301	4.82071537525484	3.75877643333493	3.89103610752057	4.33727100758072	4.66753645494646	4.43977849578503	4.45927464727848	2.7039094063157
FBgn0035398	0.667391960284557	0.696262632005813	0.770764925911431	0.647926721561353	0.918426083912319	0.653868294219788	0.600093525175992	0.681311868809504	0.910403723509278	1.00218028807038	0.692344591300252	1.05637746250338	0.441999992009268	0.474068449931999	0.640920152578591	0.827696491623489	1.04706962337309	1.17845130430145	0.637842498778986	0.495923287354901	0.673865547921766	0.853044281055557	0.951226306864634	1.25585066278665
FBgn0010401	5.01497504225843	0.0660410352317635	2.04179177649693	0.880101138124837	1.68843399327768	0.822956370049293	0.864035323020784	3.36251187711928	1.56405927772508	0.399937275757369	2.23368472925442	3.17215707560886	7.61252164697036	12.2166321091282	15.7298677347465	28.2107503394351	50.8138518345985	25.914378310987	30.1570848260198	26.8347369183168	26.1178393606743	30.5509821777725	42.2904159302393	37.2279977200685
FBgn0051126	22.8103224305582	20.5877601445085	25.2486425412813	21.9885370320333	27.07961464098	26.3301327713157	23.1981281849223	23.3874155982643	25.3567530797683	24.5253216477684	29.8428514610802	26.5239891091527	22.5604639831674	20.7470174854242	19.2221298243566	22.0756416291011	25.2584205765263	29.263406828257	20.7397395569992	21.2775206845496	23.9049839690966	23.695553782724	30.0856899932619	28.0618971458856
FBgn0039613	1.83718692131257	1.87036551219986	1.27978603020803	2.35570246390973	2.34831852108682	2.30763996058391	2.24662311896111	1.47580756239315	2.04668604958886	2.22048740401	2.41589936096837	1.8474229551114	1.98519297100102	1.88501265657347	1.69080255780794	2.58423973707498	3.1724067058606	2.89799448835229	2.32094267867666	2.08025972135713	2.1039476958148	2.78310867059744	3.35090554703356	4.06716178108768
FBgn0031220	34.9992742876187	26.4980898427174	23.63164706737	32.0339842630149	30.7103119277301	29.0778696732161	34.9872567762286	24.2079257991322	23.8771534992606	28.9600035066035	31.7848623027858	30.9723581522996	36.4331969963436	29.0130934181777	26.2600161707178	37.6231276607076	40.3974578924942	35.3131024027068	38.0382322924856	29.893414379458	23.3661523751009	34.815419478179	39.5473149853974	40.2774959689652
FBgn0036691	9.58352034975175	8.32403699498856	8.32617141500883	9.23752231149454	9.73845882252953	9.95790946597208	8.55406771760385	9.17667736574056	7.32231901305587	10.4045117789353	8.94496709417047	7.66852440768524	8.1750094735061	8.08204925709752	5.15487986031843	7.41304559937579	9.41971003500339	7.93253149586258	7.65663440373428	8.21112741668871	8.17219949476976	9.18706814723573	8.11740312381821	6.77647546036916
FBgn0034440	0.726605403408639	0.67799635036802	0.513765302867916	1.00963443723335	0.650023171916251	0.932878162819334	0.739203024227413	0.672274591025233	0.573467302961926	0.513233954442176	1.05103408931773	0.956808473630116	1.62817389333219	1.31336531622708	1.23358405606298	2.55794635653536	3.01431275128364	2.9362549753925	1.4316291392963	1.47514787683856	1.38427728806715	2.18914804492085	2.57120085349724	3.01949316705283
FBgn0029898	26.6009286253311	25.940853359595	24.1413829893243	28.4818232779921	27.0158340059154	26.3477548741795	28.4504043699352	24.3304625252283	22.8446888291118	28.7924530283881	28.7197499156699	27.9834021277669	23.482183742648	18.3469379524054	15.8803855520326	21.8585303761483	25.3939322808781	25.8054868943178	20.6260501769562	18.8010540745452	18.1094896093094	24.7482142777846	25.8469527077966	23.8621118743854
FBgn0058006	25.3709392504042	23.4250356798677	22.5053403183927	22.0916815554245	24.7275395698125	21.4371555315991	20.2412936219913	17.3536545484983	22.3363423353059	24.9396561516071	23.9467758691638	23.7482482707853	16.9183737847718	15.4658654257425	20.3283741130575	17.7350792465028	22.1471853971505	20.7740262425431	17.1539209720553	17.1114664900788	16.8832733581784	19.6017755396057	22.1109564111417	23.0686275557825
FBgn0038961	13.987587636412	12.9664320109099	12.3530419752201	15.6090288767736	16.1062118201952	12.8440735790639	14.0981662055494	11.8649334947267	12.1355757734806	15.7296260642061	15.8570672406033	12.1613436226973	13.9245806812159	12.7313664901888	10.474655764933	13.2416939597084	14.3881537502374	12.7354166673024	13.21017679615	12.3926131147659	12.2645745864038	13.9414327359695	14.5409048784601	13.7031613447516
FBgn0034919	19.8199572104394	19.7897849451089	20.1510168791527	19.167887460678	24.0855327284988	22.4129083954665	17.7146523191468	22.7030938985636	19.4122715916787	20.9104156012264	23.7557194527882	24.6908281275014	20.8512278972132	19.8234034494619	17.1849821143432	20.7519084443192	25.1742241282203	20.8846388636764	20.9498126911733	21.0764879981056	19.5321395563355	21.9045080313409	26.6918299996311	21.7318858330862
FBgn0035763	61.0029193297779	63.5271588136106	57.6820897950096	56.0726849207114	64.141150306123	63.6708214631196	62.3409890572365	61.2963559131043	66.497761023362	62.6369623117064	64.3000231942798	60.2340819607612	56.3742476599244	59.777568194366	50.6156948886701	56.7441845576958	63.3121244538382	58.5655586656598	57.4442854320316	62.4675131047474	51.7170303856247	56.4383067510272	64.3096542247921	61.0405970318528
FBgn0030262	68.9870014647649	47.5558507923441	42.5601627854667	60.8926257069077	58.6265008512079	55.5139900296719	75.0392376537954	49.3096167656341	62.3917056314623	78.9628922209155	62.9536701152393	62.7675100670051	59.9583627086855	41.5919626787283	35.0114710987121	60.8019992747918	54.6963453663494	64.0825090008098	67.6660011635171	55.0610578147934	46.6767442528211	53.1300930143843	68.3603183606855	69.9239124963912
FBgn0035995	37.4943403364858	41.0365286300225	36.0494087810729	36.9280172226583	41.0427083665551	37.6785139409531	35.6944403727171	42.1519413426047	36.7945999033124	39.1057159038289	39.0743105637913	36.0347528852607	36.6752620728124	34.7322131559368	30.6237770898791	31.4280475056104	38.789931745435	35.1139244029904	38.1407612204977	37.3186450985973	31.7553071200625	33.8224624597243	39.0413055022432	38.8720138310978
FBgn0037338	3.71747623523995	3.05059076301161	3.60056408199924	3.28516701384258	3.32453892374323	4.3006066064963	4.21474725496146	3.29130547751816	3.19710297944148	3.41489895434635	3.60308149319273	3.32072578157943	3.23224905217519	3.07627210350331	2.96633671573107	3.03631539433425	3.30300000160856	3.29274042132237	3.34143716877101	3.25865423725553	2.60562494485799	2.82200930598455	2.93813692777275	3.6770661405007
FBgn0030048	9.05380627232343	8.57055368594131	7.37126723081628	6.83566467107752	7.88826687552297	7.8765102604503	7.9001533596034	6.8381065560692	9.02122880330357	12.3268044134062	7.28148654904975	8.04868502814771	7.73873820999802	8.38850753169737	7.22982461505717	7.2658662255699	8.31994189831359	8.59117376200666	8.17294158477756	8.05440085069827	7.58791144158182	7.96647727261013	8.70604202536635	8.41818742292164
FBgn0032810	68.3807360882261	77.4455037067775	63.1117188330322	74.8076193158981	67.0265274150956	65.3211924214414	63.506253534062	77.3224646744166	57.1541289060956	66.0185464916175	65.2541116517366	62.8029469262823	33.3813724101983	31.4784966969354	24.9403961631404	28.4021590766635	36.7308224377402	35.6494990504142	38.5029227393397	33.6017082773204	30.1873315533957	30.9777935888545	34.9612160928595	33.1264293758049
