FLYBASE	FLYBASECG	SYMBOL	GENENAME	RhythmicityChange	WT2U_ZT00	WT2U_ZT04	WT2U_ZT08	WT2U_ZT12	WT2U_ZT16	WT2U_ZT20	WT2U_ZT24	WT2U_ZT28	WT2U_ZT32	WT2U_ZT36	WT2U_ZT40	WT2U_ZT44	INC1_ZT00	INC1_ZT04	INC1_ZT08	INC1_ZT12	INC1_ZT16	INC1_ZT20	INC1_ZT24	INC1_ZT28	INC1_ZT32	INC1_ZT36	INC1_ZT40	INC1_ZT44
FBgn0016123	CG1462	Alp4	Alkaline phosphatase 4	LOSS	29.81566716	26.9232763	20.15101688	19.93529255	23.72801372	27.20259762	26.94753313	23.3203497	21.59743167	20.8913172	22.26202071	24.15652175	24.91516475	28.97359317	16.54375144	16.71845392	19.58865315	16.35854084	23.34020887	24.57157213	20.48142862	20.93183733	20.12305281	21.25999217
FBgn0031800	CG9497	CG9497	uncharacterized protein	LOSS	14.37576328	13.08639968	10.38674737	8.390231369	11.63530892	11.31987157	14.12069452	13.51416285	10.04181979	9.83133296	11.36419933	13.09889138	14.66993856	13.90881379	10.71120644	12.04818349	16.72848019	13.28725767	18.35441197	16.73383669	12.9291286	15.1538914	16.00675023	14.8809517
FBgn0263077	CG43340	CG43340	uncharacterized protein	LOSS	53.88429388	43.65481178	39.95556543	25.57201039	46.44593076	53.43078983	49.90562886	44.31696145	39.86464722	26.40897782	42.78457285	52.85472442	38.08403803	36.79269398	42.42711912	26.70549084	37.18757046	43.80002378	36.83563768	39.31513642	39.54391393	29.00196193	40.7841572	42.97494541
FBgn0004368	CG6899	Ptp4E	Protein tyrosine phosphatase 4E	LOSS	18.25409829	17.02819081	14.31003738	14.38602724	16.82150188	17.64380207	17.29331076	16.6185547	16.12352669	16.59423794	16.46073314	18.59365995	15.61488359	13.43148993	14.62122648	11.19757445	13.39584043	13.1974548	12.98334779	12.31947418	10.07835111	10.74167962	11.84995878	13.95275603
FBgn0036770	CG5485	Prestin	prestin	LOSS	14.80929966	14.34783777	13.15913013	11.46592781	13.0655613	14.74548811	14.9954775	13.90521835	10.54679845	12.5506238	14.38596787	15.40341439	14.99870308	13.6255207	12.74622512	12.18670168	14.19919801	14.64523758	14.14408638	13.31108421	12.90119718	11.33624276	14.18387049	12.85456644
FBgn0034707	CG5465	MED16	Mediator complex subunit 16	LOSS	4.45108762	4.169862127	3.541605217	3.701158536	4.782576619	4.97967763	3.82302486	3.685947684	3.641280308	4.226240988	4.673213612	3.851759511	3.855279384	3.38690432	2.385268389	3.300649235	3.812652171	3.483245406	3.282116595	3.723053754	4.081042337	3.552962114	4.031836706	2.671128799
FBgn0037726	CG9492	CG9492	uncharacterized protein	LOSS	0.493557909	0.264110046	0.19064375	0.105557523	0.136439297	0.281613985	0.226691985	0.229043991	0.153533529	0.161591039	0.207864457	0.258214197	0.451949954	0.551644574	0.480986786	0.759925241	0.658348481	0.365677864	0.65579322	0.590218228	0.354211761	0.527487549	0.38942849	0.494344775
FBgn0086673	CG13272	CG13272	uncharacterized protein	LOSS	0.999467782	0.773080092	0.458889913	0.325205608	0.494122594	0.695758107	1.149368901	0.582344792	0.302727618	0.208075038	0.487674233	0.59508734	0.321795531	0.262728884	0.149183223	0.251635011	0.252260315	0.300947597	0.222334601	0.386347697	0.307301347	0.252137285	0.209413705	0.267261247
FBgn0000116	CG32031	Argk	Arginine kinase	LOSS	358.1068174	386.388456	310.0289155	284.2987893	307.8069138	324.7240222	341.7982422	412.0782671	318.5818535	284.6351765	298.5083596	297.4304874	308.7222525	332.4433783	239.7805253	246.075264	291.2648989	255.8274477	333.5106851	353.0458887	290.451184	277.705599	309.2793602	274.8042393
FBgn0039737	CG7920	CG7920	uncharacterized protein	LOSS	346.4140806	353.4856438	295.0551982	305.7919573	339.3471569	354.1397556	341.4682402	332.082071	268.7343176	315.1184108	354.3903713	341.0650142	300.721229	291.4009409	237.2308375	293.1948207	301.6697677	304.5532232	314.3886927	331.4839069	321.6580926	319.3083072	314.8093452	241.3234898
FBgn0030087	CG7766	CG7766	uncharacterized protein	LOSS	57.9717453	58.52718041	55.51124437	47.52277233	50.09834461	56.15872073	53.9133644	59.42550909	58.29757362	50.74810813	49.46259038	53.94849327	52.09899825	55.63999933	50.62098508	44.49471669	47.18620874	52.38808119	55.32910126	54.65724073	56.85369019	45.93888237	46.20945798	50.37199899
FBgn0037167	CG11425	CG11425	uncharacterized protein	LOSS	19.77720198	19.38483052	11.66659073	8.764454074	8.624480234	8.815693348	37.46031518	23.3585734	13.43249153	11.52139945	7.724853	10.04214856	34.87633314	15.33494264	11.42385585	14.8594279	14.82877167	18.48430391	59.24076257	36.09425839	48.11364585	21.30547422	15.89377048	13.69402776
FBgn0033982	CG17453	Cyp317a1	Cyp317a1	LOSS	3.222694098	3.188755273	2.250312184	2.346360857	2.060634734	2.401224437	2.815424564	3.442887505	2.371712765	2.239099542	1.862129045	2.313028708	2.830036125	2.44129122	1.980312431	2.209000647	2.25017943	1.907689571	2.792970465	2.643971592	1.934180355	2.193572735	1.791145628	1.804551211
FBgn0051235	CG31235	CG31235	uncharacterized protein	LOSS	2.703315051	2.095200831	1.963390979	1.93767255	2.420729616	2.511237834	1.712071158	1.96503126	2.002153554	2.518289887	2.720238532	2.107726929	2.470437257	2.191584482	2.698380812	1.857108391	2.614667878	2.148027549	2.510026555	2.891505753	2.399711299	2.441253038	2.356860476	2.529141886
FBgn0037602	CG8021	SLIRP2	SRA stem-loop interacting RNA binding protein 2	LOSS	7.983714005	6.615700973	5.042669102	6.129094578	7.462054624	9.335135331	6.24864215	5.061240041	5.266574516	8.012792093	7.521369067	7.788548267	7.065162773	5.999061621	7.531153747	6.114702871	6.666696629	6.817197082	7.422094106	6.232930623	4.978259111	7.196520824	6.852056165	5.555544595
FBgn0035171	CG12502	CG12502	uncharacterized protein	LOSS	19.18719692	19.81118136	17.00696295	18.08819138	17.73163337	17.68879088	18.92412166	19.85213514	18.13594814	18.83190623	16.39509757	14.5952647	20.01090529	21.36174642	16.22393883	16.3247396	15.33536147	14.06361835	19.58168303	17.64840098	15.72149453	17.8679313	16.84716693	16.00933975
FBgn0000287	CG4881	salr	spalt-related	LOSS	6.001044627	6.030873063	5.549537633	5.394723989	6.336995329	6.626344795	7.044521306	5.981472576	5.493150111	5.751063349	5.598229993	6.558059803	5.390314371	5.691203088	4.919751021	3.699628874	4.119203759	4.687028232	4.303251713	4.205124452	4.686779529	4.17077471	4.278345874	4.019525443
FBgn0262983	CG43291	CG43291	uncharacterized protein	LOSS	5.443516804	5.259245599	4.395054656	4.083217604	4.639822884	4.984502315	5.131992027	5.718754304	4.260448511	4.194253985	4.617052112	4.584345852	4.973655508	4.766907007	5.109164251	4.63584991	3.8794002	4.195603961	5.227166555	5.671958147	3.96698535	5.022641429	4.233778865	5.341539139
FBgn0037046	CG10581	CG10581	uncharacterized protein	LOSS	7.74031923	8.086482876	6.920689954	6.174474455	5.976423533	7.621108735	9.294702422	7.2206462	4.904703126	4.855933478	6.960790027	9.373611228	8.851274744	8.247270026	7.283437905	4.922412614	7.649908641	8.015335922	10.88658096	8.64735305	8.250861115	7.978620204	10.23453495	7.661230195
FBgn0036381	CG8745	CG8745	uncharacterized protein	LOSS	116.2758384	54.4221632	47.18772499	32.30988008	37.7528558	43.26046846	120.825375	65.41800051	45.6335275	39.60067271	44.97416413	62.77998585	97.5245194	40.52023553	41.26548505	54.10776669	51.57073894	58.62817556	108.9580701	48.06418836	69.47421103	54.18071086	56.5302771	58.21208601
FBgn0037410	CG1148	Osi2	Osiris 2	LOSS	14.4039678	15.3365502	10.21448097	6.637820266	9.869925277	11.42679649	16.49612266	15.0215723	10.72925831	4.831242291	7.687249836	10.05142798	4.597963075	4.195840672	3.048641224	4.517827906	4.757547381	4.604872971	6.4708717	6.05578624	4.41380425	5.652439727	4.446263501	5.303391967
FBgn0053138	CG33138	AGBE	"1,4-Alpha-Glucan Branching Enzyme"	LOSS	59.01802545	58.3042796	39.64595414	39.1890685	32.09647578	31.63923458	52.20407921	47.2505765	41.96305416	40.34357796	32.55413406	30.84766702	45.74200992	44.3378413	28.0278875	39.06995108	34.7091507	29.25053166	54.01269849	53.218886	39.6602254	41.06591008	38.13916295	33.20149224
FBgn0034390	CG15093	CG15093	uncharacterized protein	LOSS	73.58169956	84.71038217	66.97828832	62.52810154	54.43160619	64.77030995	77.39430015	71.58567934	59.92319875	49.27129543	62.41085644	65.92871192	84.41298622	81.98717549	58.38302511	82.09714474	87.57436668	90.71468957	100.6830942	112.690056	108.5375136	85.48190147	73.1781895	67.41031915
FBgn0039629	CG11842	CG11842	uncharacterized protein	LOSS	29.71536946	28.72135255	24.42995374	21.78540153	19.11923453	26.14262976	24.9947756	26.89355673	20.15889742	12.87755101	22.2041848	25.88215936	26.32107664	27.27318513	27.68953849	25.76885334	30.59558857	33.83394831	30.48502338	29.80907051	34.09958812	26.01451241	32.39616702	29.09774137
FBgn0014464	CG33962	Cp7Fa	Chorion protein a at 7F	LOSS	2.128267521	2.201026874	2.07167279	1.309889153	1.540087169	1.684152726	2.020822208	1.837854255	1.698381061	0.982149933	1.194099252	1.712100267	1.29081248	1.814126411	1.762821253	1.275171436	1.436414514	1.397976362	1.388755819	1.321653392	1.77494496	1.178796724	1.297038258	1.356928012
FBgn0014869	CG1721	Pglym78	Phosphoglyceromutase 78	LOSS	236.4506048	238.6655577	190.2355329	205.1709015	195.7396772	168.2847254	212.325894	225.8864646	221.9170384	199.9266726	181.0623943	155.2541196	208.4059144	214.0753337	143.3628823	195.4781758	192.6609933	149.2662108	247.1719742	256.8197709	195.2955065	218.5060327	210.0158927	149.4043238
FBgn0036501	CG7272	CG7272	uncharacterized protein	LOSS	62.51543114	56.36677215	61.82352282	48.48785585	50.82801585	59.26391431	61.26611262	61.61155811	54.16368984	49.73218345	54.56781677	57.25385323	60.45684446	61.16831373	68.33797673	57.44091086	61.63715679	62.54248859	69.71622759	65.86935102	55.5664371	63.19315068	59.00654606	60.61116017
FBgn0037715	CG9399	CG9399	uncharacterized protein	LOSS	59.49290937	55.2502111	51.88672474	46.92034228	53.20392025	54.57146258	57.90785904	56.45722763	47.76101419	48.7578566	56.26224106	51.74094503	49.04493946	54.40891585	48.90798899	48.39869278	48.43588131	52.79540407	59.35043336	62.26754009	51.42585347	56.766072	52.81503586	45.27379886
FBgn0035480	CG14984	CG14984	uncharacterized protein	LOSS	35.62528383	34.88158938	29.46766474	27.80934526	25.60323209	25.09866034	35.66619049	34.7480868	34.13554909	30.25488825	27.61901885	22.5197799	30.73955568	35.68251039	26.13066039	31.70418842	26.7661892	19.25129021	38.68970313	38.75937015	29.91049371	30.45233396	25.1764928	22.32384217
FBgn0033792	CG13325	CG13325	uncharacterized protein	LOSS	1.559991997	1.747602721	1.149206507	1.028712275	1.100591489	1.144235278	1.52664387	1.453493888	1.492087479	0.992557203	1.0781715	1.155232121	1.855118765	1.285277504	0.921079796	1.135924833	1.111509003	0.83021311	1.269734487	1.109128574	0.91624529	0.985379344	1.134007467	1.286632535
FBgn0038631	CG7695	CG7695	uncharacterized protein	LOSS	44.20265252	48.69540021	41.24415922	34.7971878	31.43323212	34.85914931	41.07653169	45.36173875	37.58514082	33.95115434	33.87465084	35.2330443	47.37295289	58.92845843	44.67085719	46.41622839	49.86623112	42.81980187	52.25454133	52.68710831	45.37743997	52.71415652	43.53249935	48.0382866
FBgn0053113	CG33113	Rtnl1	Reticulon-like1	LOSS	141.9142597	147.5085796	139.0107972	124.8618099	118.105473	133.6255389	142.4281856	143.243012	133.9988374	122.5724392	118.2448243	139.132756	142.7638566	135.2541211	144.2331284	121.0157499	116.4174383	130.5627257	132.1678999	132.1308697	121.0134981	122.3927426	113.5825783	144.1350718
FBgn0036875	CG9449	CG9449	uncharacterized protein	LOSS	7.923484087	9.413753326	7.518161207	6.624994048	6.126301622	6.181689144	7.24590019	7.048143868	7.737475726	6.851579977	6.419830379	5.448715865	7.607538906	9.029236989	5.988408313	6.644204106	7.781160512	6.013594153	10.16460607	9.356381785	7.095054773	7.748981008	7.999751615	7.730624479
FBgn0001092	CG8893	Gapdh2	Glyceraldehyde 3 phosphate dehydrogenase 2	LOSS	436.6529453	469.8473204	434.3570541	403.8850825	388.6460065	358.6244252	433.894991	453.5675848	473.4526094	481.1488771	389.1298607	339.9791207	386.1906616	423.1255775	344.5124455	398.2410593	388.0154719	323.6680452	446.5622946	498.0048788	434.6271582	411.5464086	378.7423912	359.0072148
FBgn0030589	CG9519	CG9519	uncharacterized protein	LOSS	26.34933774	27.35735274	26.51731159	23.80639356	21.15838563	17.74187119	23.95494874	27.39374068	27.513148	25.89013814	19.19770289	17.4386662	20.00588653	24.06984082	18.72297646	24.37963004	20.0806259	15.11581064	22.29182541	25.36879415	21.77049799	22.86463082	20.56912526	18.69286751
FBgn0259714	CG42368	DIP-epsilon	Dpr-interacting protein epsilon	LOSS	9.197253665	11.82734141	9.442190766	8.591209494	8.06786291	9.120760135	9.850152299	10.58228203	9.496901731	8.803597064	7.782826183	9.872341547	8.889395278	9.283203997	7.716290779	6.555909035	8.045085288	6.950655437	8.087221451	9.390731961	6.842059321	6.095919125	7.436698027	6.452300389
FBgn0261560	CG8846	Thor	thor	LOSS	403.0098653	441.576778	501.079723	274.1435036	275.9846668	362.3641489	382.8776162	428.5886878	361.0146729	291.2823167	261.4559885	364.5865866	472.4026433	493.784635	475.9857977	267.5589169	311.6065723	450.4782763	457.9270561	499.9722992	499.400581	267.2978319	288.1186645	430.1042438
FBgn0033446	CG1648	CG1648	uncharacterized protein	LOSS	283.3487245	294.3698368	257.8240916	264.3337443	256.6567569	240.4378531	247.1133403	274.5454627	280.5425714	270.0205757	249.8209966	230.5225943	303.6631192	330.6759261	247.1227989	290.6123199	297.580455	235.8909242	309.6984678	334.4696641	268.4144555	306.6150569	295.1764544	254.30015
FBgn0001108	CG9206	DCTN1-p150	"Dynactin 1, p150 subunit"	LOSS	20.25089943	22.04841648	19.99335178	20.61536245	20.763864	18.40781574	18.71667965	21.06645019	21.09861129	21.16190305	20.83233264	17.39446835	18.98807169	20.36165018	15.99134077	16.4644838	17.43848758	16.21743763	18.00038421	18.38053053	16.17206341	18.2088421	17.55423809	16.28906338
FBgn0035432	CG17723	ZnT63C	Zinc transporter 63C	LOSS	29.1361183	31.10908339	28.57814364	29.20628281	28.91720121	26.78623056	28.5856294	30.66020834	30.56180941	31.47064991	26.98172656	24.94899152	27.77435426	29.59617858	26.35877098	26.46443224	26.66005277	24.15847272	28.85232744	30.4655551	25.60835972	28.06038785	29.49580989	26.71558913
FBgn0051809	CG31809	CG31809	uncharacterized protein	LOSS	3.468818023	4.591085899	3.036207028	2.961655739	2.926820827	1.931794744	3.262176575	4.124742424	3.53023843	3.538578061	2.823324076	2.496777345	2.371146877	1.692382439	1.360982328	1.714923888	1.838573285	1.880079016	2.371805217	2.433212981	1.809886201	2.415232094	1.970448714	1.964274995
FBgn0000406	CG13279	Cyt-b5-r	Cytochrome b5-related	LOSS	608.6706597	551.3465305	467.0842641	388.8080973	320.5504407	436.8239727	576.0852979	460.7665678	414.2290238	419.1110445	336.4755946	447.5454289	480.1726371	449.5917229	370.036467	494.5665244	419.8202187	537.1691514	551.0116629	504.0809501	509.9660503	446.6874334	392.289271	492.2553037
FBgn0032262	CG7384	CG7384	uncharacterized protein	LOSS	10.28538175	12.7199532	11.03716024	9.78907716	7.343022586	8.881668359	10.34480022	10.97434698	10.38582004	8.16247039	9.905270486	8.430594075	13.34039707	12.12169019	11.38055815	13.90715711	12.77990622	12.98011209	13.43967871	13.60948221	12.43939692	12.57343736	12.59726503	11.52073492
FBgn0039821	CG15556	CG15556	uncharacterized protein	LOSS	6.710014939	8.904420475	7.355921712	7.313742475	6.173676168	6.262688635	7.000727847	9.622064289	8.425174186	8.298842225	6.723486414	5.985297257	5.636549513	6.573391185	5.931284973	5.819941388	6.367612352	3.807106656	5.296280546	5.93381689	5.379649749	6.467874657	5.183862975	4.507947941
FBgn0262531	CG43085	CG43085	uncharacterized protein	LOSS	1.146651947	1.838963278	0.760097032	1.053197308	1.094184484	0.541647395	1.033971707	2.146497979	1.470601539	1.538870135	0.678530885	0.370620196	2.852047507	1.505372639	0.597286679	6.339963567	2.422076107	1.991444412	6.559101246	3.403853305	1.159922279	3.925775406	3.224341085	1.958237827
FBgn0265048	CG31150	cv-d	crossveinless d	LOSS	32.76947775	37.81194507	37.34989279	32.18987115	30.83518952	32.59635812	33.57240177	37.76680938	35.81567637	33.53558361	32.32294088	32.11323827	31.7612247	34.6304138	32.26026549	32.89905713	29.93609375	31.45217722	31.37627255	34.88880361	33.56646734	30.47599143	31.57732175	30.39641025
FBgn0034335	CG5164	GstE1	Glutathione S transferase E1	LOSS	36.27422691	46.94492419	50.37026746	26.34353272	26.90051236	33.61623272	37.45230629	47.33905828	45.74319948	36.743022	29.08421098	33.87510218	31.15106151	32.93393503	48.87616303	27.50986476	32.61031217	36.66191788	36.2007313	44.94865338	44.7108164	33.92824231	35.31507759	36.47642119
FBgn0266441	CG45071	CG45071	uncharacterized protein	LOSS	5.783117029	8.311053816	7.674008035	7.351075076	6.598476012	5.617613906	5.666779263	7.520136714	8.69828707	7.142061448	6.111364154	5.710083139	5.984493986	7.38171065	8.651005994	5.371244086	5.835208718	5.788714394	6.123838147	6.468864684	6.411226544	5.493709497	6.227294092	4.786223785
FBgn0267923	CR46204	lncRNA:CR46204	long non-coding RNA:CR46204	LOSS	0.568388362	0.928136728	0.690526649	0.306666653	0.323579312	0.42057379	0.652315308	0.723790867	0.7612535	0.536520826	0.264997998	0.467636059	0.632189529	0.557440945	0.25121206	0.561766301	0.330388531	0.492693602	0.666682019	0.740494355	0.365887699	0.346738767	0.479975622	0.308854803
FBgn0042119	CG18778	Cpr65Au	Cuticular protein 65Au	LOSS	368.8316386	418.3772403	390.3704027	384.5832064	324.4017121	253.2577824	364.0333433	361.6876534	451.7347553	391.1836676	347.1429981	265.9997672	31.38153505	65.16815144	32.66290089	64.70740382	71.56287821	36.6651151	59.91899709	59.16560453	36.6993014	46.65642265	30.64887246	44.41402523
FBgn0261999	CG42817	Ca-Ma2d	Ca[2+] channel Muscle-specific alpha2/delta subunit	LOSS	10.86328625	14.29615155	13.46477792	12.03389699	9.467835182	8.758753761	10.55739175	13.88451324	13.03967005	13.45910944	8.07043158	9.001019508	10.05878095	10.54274298	9.296241607	9.317593549	8.295403967	6.202200695	9.369086783	8.711332016	7.650917528	8.468791938	7.593717399	7.576307019
FBgn0034143	CG8303	CG8303	uncharacterized protein	LOSS	6.646579261	8.410496284	7.124257149	7.335506138	6.03144666	4.827146708	5.811089391	6.817755357	7.792733289	7.375781101	5.969223023	5.02882644	6.778274524	7.190059759	4.156098037	5.818021409	7.635329903	5.848495047	7.378494753	7.794618175	5.932246425	7.047711376	6.541709991	5.748468817
FBgn0038201	CG9918	PK1-R	Pyrokinin 1 receptor	LOSS	1.925438204	2.969427885	1.703851905	1.923787954	1.185452733	1.246621648	1.964216953	2.161864203	2.131072275	2.038661158	1.104850791	1.329891755	1.262975526	1.58528433	1.765018067	1.285586078	1.025937277	0.649063018	1.69597214	1.22635534	1.032882622	1.547477528	1.11836904	1.209009174
FBgn0035589	CG4618	CHMP2B	Charged multivesicular body protein 2b	LOSS	27.14197962	34.57028058	28.59323237	29.56054319	26.19312086	26.51016787	25.41412222	29.74399522	32.62093669	32.660328	28.04239093	26.60369082	26.29712215	28.12815377	23.52059833	23.01028935	25.4838238	21.1399554	26.84603061	29.52041371	25.61220314	24.37585119	26.33680103	27.25540682
FBgn0052944	CG32944	CG32944	uncharacterized protein	LOSS	11.77149793	12.7267211	11.69837931	11.67423605	11.43476633	11.13113938	10.69904572	13.39138486	11.41989642	11.71671359	10.44108163	10.70753199	12.39639809	14.58369556	10.12425482	10.73341304	11.44992023	8.97937581	12.61038	12.76786021	11.03761034	10.78299841	10.94469676	10.79792383
FBgn0029937	CG8300	CG8300	uncharacterized protein	LOSS	32.58573893	42.63584313	43.01291584	39.61783576	35.48183508	29.07365108	33.38940755	47.06689102	43.66971546	39.47033796	33.71045686	26.8348835	33.87744492	38.67319598	29.42870286	32.3500438	33.11695027	26.41235115	37.40255294	42.27244755	37.49932979	34.77240752	39.99949942	32.12244375
FBgn0037439	CG10286	CG10286	uncharacterized protein	LOSS	5.587386599	6.991200395	6.981189111	6.492833535	6.428953802	5.569168808	5.381770414	6.465663187	6.671463669	6.940278326	6.45138351	6.052467684	6.883050256	8.149529963	6.551795831	5.788078513	7.533628421	7.320061767	6.305600571	8.104798499	7.494710271	7.098115851	6.912090989	6.679448174
FBgn0030468	CG1622	CG1622	uncharacterized protein	LOSS	10.29439047	11.10018249	11.56414212	10.7148249	10.57585026	9.72736077	9.355704342	11.7559866	13.12634829	11.29224299	10.76538298	9.909154001	9.757439158	11.274751	13.55224941	9.506469141	9.595829389	10.02562434	10.79191375	11.89672931	11.63544859	11.60314204	10.01559884	11.66334976
FBgn0000529	CG10604	bsh	brain-specific homeobox	LOSS	2.719593982	2.8746888	3.010634033	2.834202436	2.737075702	2.51991531	2.735305028	3.072154079	3.711512814	2.881456635	2.586405181	2.221981464	2.102448324	2.813627863	3.108707624	2.111928579	1.921337803	2.54684881	2.355107822	2.575058078	2.7854565	2.374313649	2.663698849	3.135029753
FBgn0038088	CG10126	CG10126	uncharacterized protein	LOSS	56.39870244	79.36970977	78.58896583	101.987671	72.65915001	53.0609955	52.05190375	75.70719259	76.03347705	94.89587363	75.35981134	53.59849316	55.66450185	56.28684265	49.1394849	61.86974671	59.29036287	46.96523675	50.05089052	58.20160699	42.16447944	59.09383818	62.31199731	46.639949
FBgn0005677	CG4952	dac	dachshund	LOSS	8.011841676	8.847271725	9.049756155	8.148025865	8.106109921	7.253446924	8.180223913	8.773530807	9.155985252	8.077930206	7.729520163	7.484539219	10.97346065	12.02121229	11.15614505	9.578185342	9.805056397	8.611808477	10.2790704	10.08327165	9.874274939	10.74504901	8.328349154	10.3866593
FBgn0038341	NA	NA	NA	LOSS	3.482023363	4.058407076	4.280497478	3.75622765	3.850143992	3.375810595	3.712162276	4.52058562	4.106471796	3.954819384	3.742718707	3.65365955	4.048819648	4.627515577	4.692151508	3.807546815	4.507259951	3.867479377	3.951513866	4.244215819	4.301443348	3.74313181	4.084896651	3.808165759
FBgn0265464	CG10961	Traf6	TNF-receptor-associated factor 6	LOSS	9.813169102	11.31708363	11.44878434	10.27871347	9.75919693	9.894958191	10.19318259	11.24368094	10.81067686	10.24126325	10.17596991	10.46696306	9.878693981	9.578333681	10.10969357	9.053174241	9.103682371	9.106304925	10.05724937	9.29163711	9.430401108	9.474411168	9.502964772	9.363983537
FBgn0030691	CG8959	Efhc1.1	EF-hand domain containing 1.1	LOSS	0.591841525	1.15348578	0.822104792	0.944227304	0.765159489	0.330211645	0.760132535	1.242238956	1.318444431	1.170523728	0.466962685	0.556742952	1.185875588	1.968094985	0.123757198	0.514752674	0.839245291	0.618937914	0.662531596	0.615595615	0.878723848	0.603961907	0.624917738	0.707517678
FBgn0267189	CR45629	asRNA:CR45629	antisense RNA:CR45629	LOSS	1.380100659	1.990683258	2.356644347	2.229710091	1.382798823	0.936093498	1.608250647	2.577567853	4.024110903	1.50123348	1.633348156	0.878933667	1.645222192	1.139629827	2.012889854	1.880531206	1.654567565	1.886176782	1.678307801	1.878899836	1.856776715	1.808111605	1.546502029	1.704837795
FBgn0033785	CG13320	Sans	Scaffold protein containing ankyrin repeats and SAM domain	LOSS	0.5129193	1.151644719	1.123379524	0.862503315	0.770883123	0.469668328	0.821854071	1.066119251	0.873730702	1.090516633	0.607039629	0.43841051	0.555134649	0.696803891	0.332487843	0.914526049	0.512438249	0.464619119	0.616142345	0.496160371	0.817197212	0.491700794	0.385696196	0.766462509
FBgn0265050	CR44165	asRNA:CR44165	antisense RNA:CR44165	LOSS	0.795045782	1.428076934	1.564204239	1.179631084	0.796600136	1.011118079	1.351113746	1.544754634	1.281111749	1.022069158	0.97230066	1.558977114	1.459076972	1.556577783	2.125899944	1.002659143	1.429740239	1.212932272	0.990417765	1.70904169	1.125945711	1.028910916	0.879183522	1.378135763
FBgn0016700	NA	NA	NA	LOSS	169.6132999	187.6586035	177.4987354	178.0866292	179.6772304	161.628996	164.3950424	172.1262147	186.0507219	191.6160676	177.115421	167.0997628	167.4790209	182.2442205	165.8521562	167.3770362	165.6500951	159.0679319	170.5394805	184.1547684	157.6129108	166.1534389	176.5003419	192.4368128
FBgn0067102	CG6437	GlcT	Glucosylceramide synthase	LOSS	11.80364229	16.55960473	16.59698073	15.63390031	12.89641206	11.43807515	10.74954922	16.82014057	15.86547814	16.8395982	13.4585193	11.4496355	9.794718041	10.26076277	10.0308418	10.09091173	11.02174047	8.866641225	9.811359857	11.19105911	11.03890411	10.28040747	11.43551987	10.20442982
FBgn0036585	CG13071	CG13071	uncharacterized protein	LOSS	17.1107042	18.56574799	23.2340296	18.59531663	15.79067043	22.56265727	20.00493346	22.88946925	15.96253432	15.80729045	18.91823619	22.07353541	0.317831549	0	0.182427806	0.293723523	0.359887507	0.322010461	0.300499531	0.322643969	0.398556244	0.215827192	0.298760336	0.672862249
FBgn0039722	CG15520	Capa	Capability	LOSS	115.4959576	170.7469586	161.9445895	193.1631473	139.1055823	89.1857356	127.9947683	174.7626896	224.8618929	212.9222322	121.5201627	86.38004323	174.4579659	216.8348732	139.5507091	223.342859	169.9000442	126.1459379	202.9122722	221.3240137	171.081902	250.2781802	190.4196647	153.0280446
FBgn0032879	CG9317	CarT	Carcinine transporter	LOSS	31.52471545	44.07845159	41.17420619	54.83791494	33.92104715	24.01597401	28.7518627	44.50123294	49.1219055	49.36560692	30.63288467	22.72378237	19.09895086	20.02366893	15.94142812	20.74916675	16.51367292	11.17060204	18.91896452	21.4925258	16.4540699	20.49357458	18.14137179	15.92638007
FBgn0035627	CG10583	Sse	Separase	LOSS	1.211851364	1.868927928	1.982704555	2.064435676	1.836321267	1.141629875	1.525511064	1.744146481	2.00439891	2.663064194	1.628996562	1.060636197	0.253447666	0.699411563	0.363682442	0.624595359	0.520158953	0.385170069	0.658973248	0.804016321	0.381383724	0.645399641	0.575746071	0.617042808
FBgn0028343	CG8465	Ankle2	Ankyrin repeat and LEM domain containing 2	LOSS	14.27348811	16.22926068	15.86892579	18.37081699	16.07706984	13.77895214	14.77954752	16.56753747	17.91694889	19.70389013	14.95586448	11.82437897	13.23041336	15.72186383	11.06102709	15.19505696	13.91556207	11.37202043	14.26700085	15.98475489	13.88874732	15.55410498	15.25435128	11.63794419
FBgn0267330	CG5183	KdelR	KDEL receptor	LOSS	47.31658509	53.11650961	54.03380918	56.4628459	53.5957301	49.25106358	45.7858643	51.6362188	54.36370768	62.5349804	53.11805362	51.12551593	50.64079606	55.11874423	53.32659398	56.97238204	53.02538422	54.77509832	54.601763	57.56284396	57.24171603	57.93958837	52.77574531	56.02946296
FBgn0085237	CG34208	CG34208	uncharacterized protein	LOSS	8.099738129	8.607579981	10.02247945	14.87918355	9.554048183	7.717598211	7.116509115	7.78456125	9.707359387	12.96807141	10.44827025	7.239881304	9.316925178	12.22615775	7.292311489	9.952074388	9.659191281	6.865037061	8.694453095	8.291100937	11.56190687	12.81786332	7.620485136	9.375450089
FBgn0033033	CG11066	scaf	scarface	LOSS	34.54604824	44.02514401	50.56263819	50.74043519	39.10760374	40.24480098	35.65791781	47.21198765	53.50940618	50.57314287	38.51361351	40.03160828	24.33121997	24.74207904	32.01708106	27.16198806	28.49067851	27.745979	24.76236497	27.73652401	32.11649562	29.89724042	26.46672541	27.58268764
FBgn0030086	CG7033	CCT2	Chaperonin containing TCP1 subunit 2	LOSS	36.34798629	45.02298537	49.37141646	45.61421872	40.94642691	38.29350627	34.82761179	47.1904138	50.94519011	51.59247425	42.18181293	38.12555531	34.98874306	38.28682001	40.57603804	34.7989671	40.07875941	34.50435968	34.37198925	46.39524438	42.88044266	38.57608324	40.99951526	40.0652828
FBgn0000533	CG4920	ea	easter	LOSS	15.90125407	18.96480558	17.67271893	18.95678224	17.76493511	15.59230158	15.96981308	20.32634169	19.09003926	20.75504219	17.26663999	13.86644869	16.77187579	17.07906359	13.53263081	17.36411911	18.87182212	13.88068234	18.27714108	20.93076155	15.79076184	19.56804937	18.850662	14.68716842
FBgn0031979	CG7429	CCDC53	Coiled-coil domain containing 53	LOSS	6.862155458	8.464948327	8.638787083	8.77975703	8.594464135	7.740564282	6.518939647	7.549525505	7.82950677	10.6213571	8.827561024	6.525367391	7.089988863	7.748697065	5.197660621	8.044287592	7.51148414	7.609934758	7.300685805	9.459871909	9.454119192	9.8674215	8.248217932	5.439192418
FBgn0037719	CG9424	bocks	bocksbeutel	LOSS	21.0699563	28.40289401	33.29446841	33.62325149	29.20588224	27.26575083	21.85177826	30.5175692	32.58871679	39.34236393	30.83761318	26.08412331	21.38726798	25.0272625	27.69788893	24.6647392	28.61809046	26.12962803	23.76106237	28.8721161	30.58305109	25.44623681	27.73443129	26.10126907
FBgn0036597	CG4962	CG4962	uncharacterized protein	LOSS	9.278769777	16.64609515	35.89692774	37.58654154	30.25185074	21.0000603	6.803897604	20.82067657	37.60401114	31.89618619	27.14227904	17.83579101	2.851449969	4.035298412	14.11623531	7.356496644	14.32761453	14.86601095	4.774086002	10.49301548	14.34740686	7.079633811	13.68095889	10.33773736
FBgn0037327	CG2087	PEK	pancreatic eIF-2alpha kinase	LOSS	12.92321385	14.726026	14.75287663	16.88865533	16.24001162	13.95415157	13.41617014	15.02211384	17.06912868	20.62176065	15.23528704	12.34999248	12.36062308	12.69069469	11.29195546	11.01321564	12.90909029	11.09875499	11.09778335	12.52862351	11.39430834	11.73505545	12.70987248	10.13957704
FBgn0034451	CG11242	TBCB	tubulin-binding cofactor B	LOSS	18.56176205	24.73378367	26.19286551	27.47842359	23.75484719	21.48551341	19.57141729	24.76407621	27.58534018	26.8908769	27.07547726	19.92918809	19.95342466	21.46278669	27.83979735	21.57398437	24.07835701	21.13467517	20.54306885	25.09926573	25.75315947	23.09591582	24.76106535	24.24335377
FBgn0085419	CG34390	Rgk2	"Rad, Gem/Kir family member 2"	LOSS	15.2169803	17.37262639	20.12720838	20.28905389	20.37550826	18.90449305	16.13983869	19.65175509	21.81911925	20.22449156	19.57582238	18.31407858	18.52672838	21.17101351	17.06370754	15.952895	20.20399229	18.16299055	17.5872722	18.88331502	16.90622164	17.87896804	19.19353088	17.65577382
FBgn0001961	CG8978	Arpc1	"Actin-related protein 2/3 complex, subunit 1"	LOSS	59.01029934	66.55807705	65.04636557	69.22384411	72.25842394	63.76904554	52.97663059	66.9406258	66.90657886	70.68341782	68.43653328	60.41694086	53.51901593	63.1832324	56.22610343	55.29848428	61.50253089	57.28885885	58.63233958	69.56908123	65.51417831	64.35687726	69.1730225	56.07770728
FBgn0030396	CG2556	CG2556	uncharacterized protein	LOSS	1.590350368	2.216043627	3.778315665	3.796408492	3.718072356	2.71832776	2.059175091	2.165403841	3.592577957	4.801885784	3.379556132	2.793288778	2.574380367	2.982337733	2.852176394	2.581979349	2.898078501	2.304946409	2.000026103	2.020795917	3.573582598	2.398641958	2.476183758	2.154677808
FBgn0029158	CG5231	Las	Lipoic acid synthase	LOSS	22.87991785	24.02623848	24.5951013	26.60897187	27.39311376	24.79897804	22.4950106	25.53247405	23.81961438	27.90367907	27.40122948	25.9414642	22.50423297	27.83804835	22.37391335	24.0468218	24.23067804	23.64834195	24.22161915	27.25589563	23.70982937	23.91186083	26.31644093	24.28910201
FBgn0033996	CG11807	CG11807	uncharacterized protein	LOSS	16.56356705	18.20186261	17.73978409	18.5638047	19.15662254	18.00859872	16.44524107	17.1908923	18.81864693	20.07282528	18.32173005	16.32926695	17.18232165	18.13038883	16.65429	14.72894691	17.4287402	13.44880412	16.18340747	17.15436395	16.72240562	15.70045462	18.26514205	17.41594982
FBgn0040074	CG13057	retinin	retinin	LOSS	104.0170452	136.7115636	140.1328986	204.8688561	142.0072009	112.6183823	71.93797852	122.3288196	114.0417424	206.8110735	129.4561455	89.57506205	57.15763622	63.65038508	121.0424492	66.50690696	106.084735	118.7954968	62.86590772	105.8541088	108.292626	64.50014556	83.08332764	60.30734483
FBgn0033226	CG1882	CG1882	uncharacterized protein	LOSS	34.81253908	40.45311937	38.56228758	45.97431012	41.15854412	39.31243837	32.38199915	42.38397439	41.80313233	55.28088143	42.03194343	35.95582873	30.20883953	33.14082811	25.59893945	30.76198147	36.51467329	27.7608278	31.71165259	35.12766728	31.58644875	33.85723904	37.82180771	29.02084133
FBgn0027329	CG8231	CCT6	Chaperonin containing TCP1 subunit 6	LOSS	27.29715726	37.06920378	35.98904584	36.26928228	35.57688385	33.45634166	29.12195864	36.37199585	37.94759919	43.76743926	34.17942313	31.94326157	28.53413675	32.44666211	28.22928065	28.44578995	32.71571975	28.20715684	28.37898412	35.09784482	36.51860658	34.68771484	35.3807394	29.65755768
FBgn0032587	CG5953	CG5953	uncharacterized protein	LOSS	7.000113412	7.944555927	8.625881185	9.912197339	8.844048041	7.456969781	7.455927769	7.629782762	9.013111881	11.13502732	7.463423522	7.126738943	7.863737879	8.37156483	8.990588889	7.452521336	7.877656528	6.259229901	8.296431164	7.284426111	6.903853495	7.276704017	8.308371404	7.766425163
FBgn0263864	CG6829	Dark	Death-associated APAF1-related killer	LOSS	10.04525611	10.89732533	11.39483674	11.44057746	11.13587743	10.74956633	9.949218832	10.92252743	11.56186394	13.13923769	10.76758764	10.35274856	9.632840929	10.43399003	9.550131111	9.241553797	9.835917936	7.727459727	9.606097573	9.556452701	7.927800351	9.437876016	9.435434294	8.121363284
FBgn0037008	CG5047	mTerf3	mitochondrial transcription termination factor 3	LOSS	8.91048975	10.57549645	11.77866378	12.03839409	10.81511072	10.39238676	9.286073578	10.99853026	10.64599304	13.84039162	11.66012954	10.40249849	10.2267862	11.63603787	9.08665758	10.58519648	9.761948635	10.69281001	10.75203719	13.73490209	10.92625631	12.00029909	9.997662021	10.18440468
FBgn0284244	CG31728	l(2)k05911	lethal (2) k05911	LOSS	2.011269448	2.49304908	2.809980872	2.857573891	2.519001973	2.288139021	2.254981681	2.362884632	3.013612647	3.091850418	2.596730151	1.912158557	1.015268793	1.095850827	0.829664181	1.30402105	1.402914774	1.429604328	1.13886923	1.231529131	1.074610255	1.630093022	1.32638259	1.48634062
FBgn0053116	CG33116	CG33116	uncharacterized protein	LOSS	14.66444854	15.68874198	17.5727777	23.02774181	19.22706898	16.87886136	14.59942024	16.29307411	17.80072136	22.27141152	21.14561652	17.24947835	13.52665092	13.97226091	12.60727191	12.73745154	13.85015324	11.59041104	13.87928221	12.29142512	12.82151628	14.13238513	13.33440009	14.2988585
FBgn0032034	CG17295	Rcd4	Reduction in Cnn dots 4	LOSS	6.798454922	9.359987815	10.34217265	11.2078364	11.1303043	10.51093798	9.190944014	7.649669644	9.942186202	11.00705952	11.62195176	13.4715975	6.900081013	9.960112919	13.71767501	6.840458874	9.96171566	9.405809889	7.472722306	10.45907867	10.47751623	8.817409389	9.493214975	12.19083193
FBgn0037010	CG4825	CG4825	uncharacterized protein	LOSS	35.12164215	37.49429012	54.52280995	61.98123687	61.69651527	52.35078903	35.75041508	38.50574479	50.10078543	61.23346135	60.31319415	53.8271521	45.21666957	47.539567	59.96951299	52.75727459	68.71954471	72.29755617	48.01256065	51.86962382	69.02052701	58.26312446	72.16099785	59.40207886
FBgn0039254	CG13645	Nmnat	Nicotinamide mononucleotide adenylyltransferase	LOSS	19.86891906	23.30281012	24.9382615	24.26559703	27.20330949	24.11297184	20.53476997	23.1894674	23.10796278	25.84494356	28.07253844	25.26570822	21.63418492	23.54357449	23.67990545	18.67581652	21.05495061	23.44784261	22.96498401	23.51525352	22.85982936	21.06840756	23.98812424	24.46240811
FBgn0031881	CG3476	MME1	Mitochondrial Magnesium Exporter 1	LOSS	11.73318348	14.00112383	14.07172215	16.53549056	15.95660987	14.53268239	10.36514313	13.44041852	17.27147379	27.51285771	16.62630349	12.07477622	10.89477194	12.26122992	9.22102956	10.20490675	14.30184282	9.840674181	10.78950203	11.80954672	11.61492133	11.24780376	13.57371793	10.97722065
FBgn0044011	CG1859	Spn43Ad	Serpin 43Ad	LOSS	4.196392659	4.568268705	5.319193003	7.255582389	6.58036493	5.414960964	5.002760132	4.593949157	4.806392856	6.848758276	5.841272747	4.562844188	6.96758371	7.470233468	5.860620646	9.258034174	9.189320363	6.668824659	7.771578186	8.947286765	7.005906263	9.484640484	8.269875264	5.832287273
FBgn0041337	CG18559	Cyp309a2	Cyp309a2	LOSS	0.158966041	0.324474934	0.29505285	0.655172904	0.575166322	0.296514215	0.283013739	0.287318284	0.341537167	0.812193661	0.418080439	0.372987377	0.398955581	0.550476852	0	0.714344953	0.550565433	0.555776552	0.306474757	0.398668266	0.281410103	0.63495798	0.421893663	0.348399607
FBgn0031216	CG11376	Zir	Zizimin-related	LOSS	13.63218081	13.05809524	14.52329465	15.41701565	15.43264128	14.91350453	13.67770488	12.98766488	14.81681533	19.23246236	15.26166619	13.85227003	12.80130856	12.42503961	13.64388713	12.91294965	14.56755275	10.67494182	12.33146258	12.19510502	10.40084092	12.34504208	13.62158293	13.08598626
FBgn0265101	CG9617	Sgt1	suppressor-of-G2-allele-of-skp1	LOSS	26.8367887	34.74184524	33.29653738	36.34437933	37.25846285	34.72587657	26.76069787	31.49590969	45.1511685	41.49970337	36.06011218	32.87258812	28.18106401	33.93193175	34.00454295	28.8240684	28.32314682	31.68582939	28.72775516	37.42670039	36.41209843	33.71220734	36.56826515	38.86452348
FBgn0036945	CG6981	Ssk	Snakeskin	LOSS	6.800607366	7.284811566	8.037966866	8.879416828	9.312333944	6.753007683	4.807738155	6.145774347	7.514252337	13.45000638	9.100186516	6.564957594	21.19773622	23.69445893	16.83983353	18.40689217	22.52422892	17.89704022	21.97818321	23.46785759	19.06945164	21.8004691	26.76023168	23.08861618
FBgn0259936	CR32957	Uhg3	U snoRNA host gene 3	LOSS	10.69445943	11.54675363	12.66910822	12.37041678	14.05294115	12.4860988	9.931332497	11.24906069	14.63637335	14.79423477	14.10931464	11.45922771	12.31990106	14.52381612	16.19461383	13.57101053	12.93808503	12.76049908	12.63607717	15.78659118	12.78679034	12.88508988	13.54523138	21.23797934
FBgn0000489	CG6117	Pka-C3	"Protein kinase, cAMP-dependent, catalytic subunit 3"	LOSS	28.07100629	26.27420473	33.04479921	37.05323894	42.03310269	39.17346869	28.08845396	26.96782485	35.42357767	37.48081208	38.77148955	38.44712583	26.98384024	27.42126265	35.29644579	25.25325445	26.44032157	26.82621822	25.83583037	23.25108554	26.71546614	23.1066365	27.83964347	36.20281887
FBgn0037468	CG1943	CG1943	uncharacterized protein	LOSS	90.35925165	83.6511294	119.3555634	125.7395793	164.1379128	148.8249185	89.8224081	87.61517959	109.0785728	158.7970965	172.1328593	153.3558359	76.34868264	72.0343393	98.13074294	72.66793991	114.2488103	112.8863489	72.99086828	82.36605438	89.0383512	75.75454433	117.6793858	100.530109
FBgn0036505	CG7945	CG7945	uncharacterized protein	LOSS	43.34139138	45.38137197	44.72570507	46.60743271	51.17487168	46.84535166	40.3215302	43.17951691	45.46767227	51.09338631	50.31560333	50.18129596	46.2131616	45.2766972	45.9314505	43.47517012	46.077279	43.74496367	44.94423835	48.16408046	45.56658448	45.75085809	47.17198659	46.34122297
FBgn0036489	CG7011	CG7011	uncharacterized protein	LOSS	11.27715907	11.55378814	12.66678217	13.34979919	15.2782281	13.76831131	11.0924987	12.36103301	14.10187744	14.35343019	15.98710959	12.36424788	11.46923031	13.63400536	8.901879231	12.65584602	15.06087682	11.79346331	13.10965564	13.71080711	12.49323958	12.06607387	14.61070777	14.87291107
FBgn0034380	CG15087	Vps51	Vacuolar protein sorting 51	LOSS	7.859724619	8.462757175	8.295418611	8.973603589	9.751076398	9.188930705	8.299650829	8.381067202	8.613815139	9.890260273	9.214299222	8.533358857	8.747158868	8.492901317	5.795591052	8.294551455	9.059475904	8.033748174	9.600574758	9.323583408	7.625709464	8.522407057	9.080271414	7.560211213
FBgn0030217	CG2124	CG2124	uncharacterized protein	LOSS	3.038106561	2.695575713	3.142167909	4.030024583	3.709748028	3.466237801	3.052612345	2.713825499	3.201687329	3.698974148	3.297695873	3.160988538	3.074123407	3.157562987	2.675170652	2.688207235	3.368609162	2.176830844	3.375272949	2.793502976	2.524342357	3.56898423	3.091628947	2.876135412
FBgn0036263	CG5632	thoc6	thoc6	LOSS	4.151457194	3.940653744	3.934146715	4.290040492	5.340373831	5.047920565	4.129787673	3.644955805	3.69827534	4.555886513	5.459162954	4.36125591	3.398839717	3.519804721	4.48514041	3.757496639	5.219860617	4.505551094	4.790208182	4.365278168	4.289979559	3.89883062	5.449237174	4.256765979
FBgn0036145	CG7607	CG7607	uncharacterized protein	LOSS	156.3670574	140.685596	153.6122877	172.8289627	183.9940108	193.2454321	139.5602835	130.4708885	151.5224236	183.0520096	188.6380192	175.4037753	151.2922581	144.4769731	125.7533852	154.446981	148.8843304	141.1472761	146.8165133	150.5085815	149.6686091	146.112424	164.8596507	181.7707146
FBgn0029831	CG5966	CG5966	uncharacterized protein	LOSS	17.11442554	16.39789573	16.50653545	32.96856602	35.59425917	25.20444846	21.9446251	14.88971535	19.58438658	23.81489468	37.97153449	25.06812693	22.26046639	16.2265309	10.36370856	16.45984547	16.26037192	15.95859008	16.19055049	18.1707217	17.21894727	15.60733824	17.12234169	17.43881001
FBgn0003449	CG4528	snf	sans fille	LOSS	33.99411052	32.91421923	34.01298586	34.4934489	38.39875007	39.05090596	33.12514822	34.47498249	33.02515402	37.43489536	38.4085242	35.88974522	34.41589128	32.86968028	35.08294253	33.43382751	37.45782446	34.47787219	33.63243533	39.82817616	34.76040499	34.15833636	35.19766483	34.76288414
FBgn0031873	CG9207	Gas41	Gas41	LOSS	8.54972358	8.405136898	8.981596095	11.33349288	12.09208185	11.89407085	10.50532298	8.672565571	9.907482069	11.1578691	11.70177286	11.40465996	11.604383	10.9223278	11.87605014	11.3312008	10.18031786	12.6997348	11.02332446	10.54373603	10.2960363	10.9838055	11.73132253	12.65429602
FBgn0035046	CG3683	ND-19	NADH dehydrogenase (ubiquinone) 19 kDa subunit	LOSS	74.5029917	68.05561654	67.11064765	83.62182065	83.56365726	82.60791432	77.29009424	73.31247753	65.39236112	82.97882623	87.59685769	87.04234716	76.93881151	68.28087572	53.30951656	85.34770361	86.33963129	88.71594919	90.78943889	72.76035734	72.98935038	92.19915952	83.11191488	79.98326027
FBgn0037150	CG7133	CG7133	uncharacterized protein	LOSS	11.0059236	10.32834619	13.20334485	11.45076643	12.69164291	15.19191024	10.94847556	11.28039997	10.96826237	11.81265285	14.03153759	14.67759492	11.96859894	11.02064663	14.41004252	10.33116007	13.73109259	15.00548108	11.82350078	11.94946065	13.35316708	11.45129273	13.56582591	14.56099785
FBgn0039977	CG17454	CG17454	uncharacterized protein	LOSS	46.79966738	40.25501743	44.40315885	43.3340081	51.43546104	51.5320545	44.68463515	36.92219472	46.293237	50.49332035	52.34962068	53.48799618	49.4975826	47.9132253	54.2160922	47.0435565	43.52917876	49.79196599	47.16424824	45.13127544	43.93815765	43.14364095	48.77618699	62.06868521
FBgn0013746	CG9556	alien	alien	LOSS	19.73855371	20.13551356	19.45336189	21.37677494	22.3318804	21.61889849	19.95995653	17.51036929	17.71601322	21.07228091	20.89998976	22.47576311	19.96951505	20.17848788	20.31349122	19.41365701	19.96446744	21.26888221	23.2210432	21.12315656	20.87444179	19.26946532	21.26964261	23.50620866
FBgn0033100	CG3420	CG3420	uncharacterized protein	LOSS	23.16368666	24.1006367	26.988271	26.76492188	29.21089989	35.87215023	23.35674786	21.67424652	21.32870606	29.19016321	31.80802758	37.30961809	21.15706086	23.0972862	28.34749497	27.09979492	28.45300833	34.92184687	26.63056263	26.14499149	31.25617419	27.11815839	28.83392414	30.05990922
FBgn0032251	CG13142	Nse4	Non-SMC element 4	LOSS	5.016261743	4.989703437	4.983114803	5.206440677	6.931491569	6.397518818	4.734048001	4.501319776	4.358664797	6.532482346	5.769510057	5.257345891	5.153176259	6.069360166	4.522573926	5.806933166	5.166844831	4.042011285	4.777862872	4.353710591	4.6276328	4.707155158	5.156478109	4.434176814
FBgn0047205	CR32385	lncRNA:CR32385	long non-coding RNA:CR32385	LOSS	1.272676027	0.930531538	1.297437168	1.390393061	1.839789103	2.589688832	1.254335458	0.789641203	0.787068266	1.183391385	1.633602175	2.005604755	0.03575399	0.075897185	0.030782919	0.082604983	0.030363759	0.054336135	0.0676085	0.054443034	0.147955483	0	0.050412903	0.090831171
FBgn0035534	CG15016	mRpS6	mitochondrial ribosomal protein S6	LOSS	15.01452822	13.59267524	12.82220756	14.46688541	16.69377273	19.47104288	13.22069103	13.42816464	11.6044944	15.92463621	17.43209025	16.81921925	12.30028338	13.67696285	14.12014454	12.92352321	14.48747791	14.31647572	11.35262984	13.37842189	15.86507708	13.72221037	15.20981894	16.83312773
FBgn0052039	CG32039	CG32039	uncharacterized protein	LOSS	29.55733853	27.21130528	28.94335614	33.24095955	34.6343233	41.52557509	35.97297078	29.21699729	25.53083087	32.46419338	35.04671986	43.9975112	32.77549161	28.98200787	37.20533301	31.83282858	30.27201325	39.02284323	36.16931963	29.64259419	33.9664017	31.52424388	30.85788465	33.01408933
FBgn0010213	CG8905	Sod2	Superoxide dismutase 2 (Mn)	LOSS	89.14335296	89.95608818	91.84098924	91.93757992	98.30405386	114.5454729	93.34429361	91.17340407	87.13413494	93.95933283	100.1083108	105.7578017	83.17103651	89.62238747	83.15185188	86.951616	102.4860341	97.849726	99.53649751	92.53540284	99.79628451	91.26959821	103.0056959	92.52644791
FBgn0036193	CG14135	CG14135	uncharacterized protein	LOSS	11.11188564	11.13436958	10.60201057	11.49094456	11.88505191	16.21069358	10.83528643	11.20379284	9.808830042	12.75920192	12.49879763	14.12884999	12.70489797	11.92527391	15.77520445	10.42332029	11.11981367	14.18540821	13.80979862	12.23924424	11.67245378	10.82827739	12.75496979	13.77773988
FBgn0038425	CG14881	CG14881	uncharacterized protein	LOSS	6.257591127	5.94168813	5.747054719	6.098006264	7.469606355	7.639908434	6.706893473	5.864491468	3.883932147	6.875582008	7.16813589	6.33906658	5.147624695	5.667316278	4.356805238	6.490713932	7.446495923	4.640739	7.259125924	6.177683051	5.481320576	6.976296579	7.258118755	3.989677333
FBgn0030573	CG5310	nmdyn-D6	nmdyn-D6	LOSS	2.544560589	3.139395138	1.637270121	2.405091199	2.738389799	3.624437013	2.471010109	2.095139999	1.666123111	3.299112213	3.301480577	3.866537138	2.714075426	2.394907573	3.390539006	2.459027952	2.937623432	2.695843753	2.264180494	3.322411332	2.802809881	3.252395875	2.251076144	1.689943379
FBgn0033268	CG2297	Obp44a	Odorant-binding protein 44a	LOSS	330.7285531	291.6404032	234.5196319	322.2901219	428.4735806	356.3997649	319.272878	267.9438812	262.0520546	342.5871625	390.5930489	307.0485374	221.394486	234.7570479	143.8517845	203.4956241	288.9028739	223.8291923	280.388032	262.0309814	214.3841443	267.5137924	305.8785696	218.0939151
FBgn0028515	CG4930	EndoGI	Endonuclease G inhibitor	LOSS	29.42290851	29.46928728	29.35721364	29.64562313	31.88600914	33.05027524	29.7303591	27.46347102	27.15143235	32.34637814	31.30038079	30.46180741	29.11638886	30.46577101	28.72395592	32.7939601	30.65097329	30.29815405	32.63287474	33.11335915	31.69657866	31.41865904	32.75761253	30.43503305
FBgn0053198	CG33198	pen-2	presenilin enhancer	LOSS	10.92114201	10.50415938	10.16594061	10.72082556	11.91654108	12.45820759	10.84649992	10.01907968	9.065628374	11.65879808	10.83624849	14.55945648	10.27825785	10.97525997	18.43586671	11.51349785	10.24963277	14.59453567	11.37419986	9.54463365	11.83425192	11.06420463	9.771309691	11.17646415
FBgn0039764	CG15535	CG15535	uncharacterized protein	LOSS	8.55562401	8.382425892	7.578534609	7.704073731	8.867948973	9.9052937	8.251025061	6.87863567	7.877864708	8.052070485	9.962634692	9.255955911	9.884509992	8.11007257	8.127731577	7.80046432	7.073875822	8.32664088	7.192874843	8.328929363	8.105517271	7.975440319	7.725432332	9.522463561
FBgn0051759	CG31759	CG31759	uncharacterized protein	LOSS	1.871237229	1.826713731	1.615772627	1.73022381	1.986981739	2.007300908	1.777645907	1.378577526	1.741729863	2.051568333	2.102272755	2.802041607	1.665373803	2.291779022	2.208424533	1.326769453	1.836969518	1.881209603	1.773639474	1.763460177	1.944330585	1.754831413	1.583438074	2.139713156
FBgn0040323	CG6895	GNBP1	Gram-negative bacteria binding protein 1	LOSS	16.83258904	13.542075	12.47669684	12.1016932	14.19169918	18.62951923	16.50551694	13.08459804	12.39931619	13.66822049	15.69954116	16.07317386	16.61448842	13.73561323	12.50810883	13.616485	15.46598921	13.57074153	17.4132604	15.72857717	14.5743422	15.74268928	14.40688732	14.78924836
FBgn0034942	CG13566	CG13566	uncharacterized protein	LOSS	2.450769806	0.956982853	0.672433061	0.632395464	1.245574512	1.246729541	1.65560372	0.914802198	0.34339942	0.737594243	1.050900122	1.607233348	1.554382283	0.851505172	0.518039265	0.417042559	0.936806412	0.965212019	1.706653825	1.145262943	0.377259345	0.868251374	1.225449521	0.700598555
FBgn0028582	CG8532	lqf	liquid facets	LOSS	73.2046786	67.9901623	61.38566479	50.1115461	75.53599536	91.53904863	77.18554946	71.06447563	60.52081695	52.12792633	69.72866221	82.97703031	54.77223917	55.90102727	63.58418911	44.17969336	48.06573329	55.5138266	54.60532534	56.95796616	58.49954884	45.17543456	49.80218586	62.79306105
FBgn0031627	CG15630	fipi	factor of interpulse interval	LOSS	61.87396192	41.3667006	28.69709934	38.23361523	49.60143884	48.57179662	65.62529364	46.08451215	36.02866517	39.83243551	43.22113074	47.87750847	62.9294572	46.28873894	40.68317575	43.79602406	43.27115256	41.02267054	61.14100811	43.02491135	33.33881214	44.08262313	42.78392623	60.21865305
FBgn0036285	CG10704	toe	twin of eyg	LOSS	5.923737052	5.551189285	4.382846171	4.913097929	6.016903378	6.399720212	5.060628704	4.801447666	4.254861894	4.710461234	5.958726296	6.100030944	4.961968485	7.206412449	3.23292476	3.363950238	4.392876886	4.425497106	3.568348458	3.923686749	7.23605431	4.117533178	4.898341689	3.650277699
FBgn0264005	CG43748	Hmx	H6-like-homeobox	LOSS	2.598700176	2.098168966	2.025820314	1.842197514	2.591726222	2.658654911	2.327305975	2.126670388	1.954149712	2.098677946	2.437665935	2.642214365	1.861468502	1.707489302	1.87171791	1.205446894	1.546218815	1.431665108	1.605801769	1.748274567	1.778804569	1.494718104	1.711456473	1.052798769
FBgn0035914	CG6282	CG6282	uncharacterized protein	LOSS	27.91204459	24.52391018	24.59123059	22.76792834	31.13033457	29.72357354	27.54738104	25.23581267	22.61493637	24.13745178	27.2114196	29.72083591	25.22154739	23.33596985	25.06585438	21.24050163	23.18810269	22.4539848	24.00371273	20.75219615	21.44816549	22.15030613	23.49557083	22.33066595
FBgn0037481	CG10059	MAGE	MAGE	LOSS	9.273749558	8.333076034	7.769787632	6.662059324	8.911207261	9.435286416	8.60320296	7.678477028	7.060262938	7.018877984	9.197326305	9.533808246	9.898054127	8.85989777	8.479894409	8.561485229	7.867530183	9.089596109	9.773192239	8.612506877	9.061385413	7.847137958	10.12912651	11.33405419
FBgn0033054	CG14591	CG14591	uncharacterized protein	LOSS	93.76242024	87.02624575	74.19150937	75.05394982	95.74293055	90.69544356	96.86672911	85.90017308	73.5496977	69.80162528	91.26662854	95.50458471	97.7886917	90.62250625	91.13545784	89.65296355	94.65944487	78.87073275	95.11998077	92.03866619	83.68148373	90.45268578	101.6701573	88.8253523
FBgn0030467	CG1764	CG1764	uncharacterized protein	LOSS	14.54688121	14.96949919	13.55099281	13.84608553	18.63166043	18.9610997	16.33865201	17.3132402	13.59668781	15.28083938	16.63152171	16.28392244	14.90463311	16.34040817	14.14450916	12.96244811	15.0926307	14.42015911	17.53544192	16.73643084	15.15946738	16.33945217	17.89529656	14.3714304
FBgn0052195	CG32195	CG32195	uncharacterized protein	LOSS	4.008106081	3.184027206	2.52243126	3.292488823	4.127770161	4.067902699	4.016574385	2.945789438	2.647795728	3.797993335	3.970474787	4.109659925	4.217039305	3.840406757	3.064169357	4.513865266	4.793409973	3.464939013	4.477792312	3.852802129	3.165891072	4.257681872	4.155665341	4.520722874
FBgn0037956	CG6959	CG6959	uncharacterized protein	LOSS	19.3339885	17.27642143	16.51854833	17.11199924	18.8448277	18.36698311	18.82180553	17.55916644	15.84073376	18.2319996	18.74269686	18.18532715	17.42703382	16.01342022	17.36628971	14.79557613	16.66892737	15.30404866	16.43394167	16.30975841	14.94943961	15.10988478	17.45831329	18.07665389
FBgn0035911	CG6638	CG6638	uncharacterized protein	LOSS	16.68317453	14.96488114	14.0631205	13.75714235	14.60341505	17.03943666	15.32352689	14.75596361	11.35032613	14.23206117	15.4799115	15.80265656	14.30409913	14.0023389	15.26995438	15.94151764	15.70680771	16.52292252	16.16571035	15.97737622	15.01235538	15.77648303	15.18718109	15.27619518
FBgn0266450	CG45074	Kr-h1	Kruppel homolog 1	LOSS	4.576180733	4.473016819	3.964881572	4.11668868	4.505172117	4.824515802	3.907418625	4.252032628	3.399757806	3.906149534	4.693059299	4.64797183	5.095368051	4.782695607	5.192694369	3.78792262	4.010751606	4.784843221	4.170256903	3.69465653	3.598994429	3.107000417	4.089101452	3.64339817
FBgn0086856	CG11555	CG11555	uncharacterized protein	LOSS	14.273591	14.0960369	13.59706638	11.47147938	14.19633851	18.04599236	13.35141703	13.5156866	12.12815931	13.18083289	14.65697511	16.41110121	16.14966622	14.29984494	18.62409582	13.69237476	14.34408779	18.76376748	15.54915618	15.45416093	18.95089989	12.52609092	16.15552134	16.81244981
FBgn0039158	CG6182	TBC1d7	TBC1 domain family member 7	LOSS	7.935025943	8.047482536	7.766874095	6.969016441	8.318949947	9.810982555	7.602000511	7.621154093	6.454558504	7.952372599	8.899784575	9.052676472	7.501410989	7.762806128	7.150425916	7.458538037	7.564976946	6.785750919	8.897091478	8.13342442	7.332157648	7.87965742	6.988337186	5.997834296
FBgn0266428	CR43463	asRNA:CR43463	antisense RNA:CR43463	LOSS	1.718051013	1.382969277	1.059949476	1.292511087	1.757777701	2.141887634	1.315913853	1.443279857	0.86895871	1.746808753	1.661015569	2.360274047	1.298087644	0.870167432	0.117642894	0.883934684	1.25711077	0.899843003	1.334958128	1.057661767	0.531171442	0.881481438	0.813464663	0.520693401
FBgn0000206	CG8285	boss	bride of sevenless	LOSS	79.03153521	73.87302418	62.94902126	43.43365371	68.80445295	86.89162846	82.88816015	77.76656028	56.69076508	39.44525734	60.8589968	78.47724451	42.54603735	42.12544174	40.36201574	31.70329331	40.83624314	46.55325793	44.68423703	46.00969388	46.29464244	34.88105521	47.22284075	48.49914266
FBgn0036579	CG5027	CG5027	uncharacterized protein	LOSS	55.65126197	51.92825753	46.84949091	39.24180276	56.93870954	71.65006433	60.05589683	54.53698104	40.9989768	36.11755784	51.19590319	68.86330249	43.83128065	43.5914628	55.57464208	35.8968425	46.13595488	49.48630943	43.75243045	48.2801524	44.98051827	36.42124429	45.28652604	42.72118776
FBgn0036382	CG13737	CG13737	uncharacterized protein	LOSS	1.82296878	1.82859037	1.160079863	1.184954934	1.870021649	2.649603665	2.124331079	2.212269101	1.630598098	0.875598283	1.890365413	2.199750716	1.029394718	0.915685786	1.350510322	0.996614143	0.915833134	1.688552369	1.52940806	1.08230197	0.848270453	0.449371541	0.96762676	1.681151349
FBgn0033891	CG8067	CG8067	uncharacterized protein	LOSS	13.09153568	10.62904757	9.909594378	11.46646739	12.48814311	12.57546324	12.32249832	12.4257989	10.67391295	10.48697803	11.77184335	11.76712958	12.18322551	10.98773096	8.533688723	11.44994093	10.69722515	10.98354545	12.26724857	10.9265457	10.97915056	10.55178494	11.355129	10.88525924
FBgn0035577	CG13708	CG13708	uncharacterized protein	LOSS	0.852197111	0.540151097	0.416247767	0.366018651	0.646014919	0.650280971	0.838453373	0.547203837	0.474942599	0.310476897	0.513134486	0.428472598	0.664842033	0.64516614	0.672349254	0.458371389	0.546687048	0.449055672	0.55874383	0.715081819	0.404941193	0.623456744	0.505910893	0.884712704
FBgn0267693	CR46029	asRNA:CR46029	antisense RNA:CR46029	LOSS	0.878143817	0.769306145	0.666236717	0.634027203	0.808144497	0.808660985	0.939904554	0.834135264	0.714146445	0.608500735	0.561364318	0.676779773	0.711833696	0.691498837	0.571313529	0.579791172	0.732594413	0.452273593	0.712940591	0.597073364	0.444801736	0.528439655	0.680461747	0.727948321
FBgn0002938	CG5125	ninaC	neither inactivation nor afterpotential C	LOSS	786.1468018	711.3438769	613.9600679	501.3920919	716.3700818	721.2811952	775.9115677	716.389522	662.8141782	451.7411916	619.5518072	670.6641883	422.6905336	401.2387959	422.5027976	367.4677089	392.3565582	370.0973568	407.8459767	419.0177224	423.2794847	372.4573012	453.9324713	429.2322856
FBgn0051357	CG31357	CG31357	uncharacterized protein	LOSS	18.74588836	18.69860964	17.82304099	16.61640087	19.00093909	18.92456957	17.83713568	19.12082382	17.34115999	13.24927243	17.84032053	17.79822099	16.82181613	16.39697059	13.80005033	15.47002132	19.30322264	16.18391502	17.14581321	18.07612356	16.60791692	16.29874054	19.02634733	14.76614417
FBgn0035227	CG12090	Iml1	Increased minichromosome loss 1	GAIN	26.54654314	27.43518728	26.43577644	27.67209731	31.04808899	28.91724588	26.18397355	28.61804106	31.65329317	29.06792538	27.62418731	27.7023519	24.39544902	24.63984932	21.77557301	21.05179674	24.08859476	21.59356061	24.53979804	23.54412932	22.25499853	22.35650546	23.17744213	23.41872249
FBgn0031893	CG4495	MICU1	Mitochondrial calcium uptake 1	GAIN	41.76589105	42.04751743	41.50067183	39.13721782	40.63627192	42.8028752	41.96740848	41.08518437	45.07150277	42.22709378	40.11621973	43.22208148	44.26200086	45.02488564	43.07532873	37.01769802	39.42181556	37.90542238	45.72083093	41.64610471	40.17821061	36.89787044	40.40552306	42.32084412
FBgn0038893	CG6353	Archease	archease	GAIN	6.716640456	7.572993605	7.15344609	8.106987273	7.377378827	7.281076179	7.066037419	6.250544209	7.914766495	10.27923892	6.939724733	6.311832456	7.71344051	8.75398881	7.321296595	6.850183791	7.637007279	8.615404823	8.609073851	7.648800701	7.190711308	8.20178652	9.195885525	7.599268793
FBgn0030914	CG6106	CG6106	uncharacterized protein	GAIN	0.958735503	0.864311374	0.474529261	0.612466131	0.767153721	0.833184446	0.698267452	1.064972744	0.606915655	0.82956736	0.693405039	0.441868705	0.939894333	0.989604968	0.679741218	0.538533153	0.542773922	0.64753153	0.78200314	1.030455717	0.806172065	0.631863663	0.759807222	0.405918043
FBgn0037375	CG1193	kat-60L1	katanin p60-like 1	GAIN	13.91286579	17.5487354	17.03014745	14.23830653	16.91871273	16.56885492	15.60660755	18.58575505	15.94769974	14.85179266	16.28291276	15.89163953	17.50885537	20.93902203	15.60926634	12.78328239	15.3111834	14.88176617	16.22075769	17.86769081	18.25093663	16.24416779	16.30045411	13.79615726
FBgn0038818	CG4058	Nep4	Neprilysin 4	GAIN	36.86960028	43.89850642	37.84219577	35.32731423	39.93997123	41.85295226	35.88651855	41.49272069	42.39970323	34.48826607	36.22594705	37.19726099	46.288526	54.68143116	45.05354013	34.89017415	39.25182631	39.8845891	45.87357001	53.16793687	42.60852842	38.28099887	43.3282028	42.41915144
FBgn0030806	CG13001	CG13001	uncharacterized protein	GAIN	6.948103629	7.504273155	6.905051697	6.953901022	8.565068297	6.456843797	6.986345268	7.342059991	7.883766186	7.303669757	7.920915479	6.684236918	7.311430645	7.782070728	7.447467053	6.114470757	6.821339248	5.686086928	7.131788233	8.251899514	8.019148002	7.054020527	6.96951324	5.820823564
FBgn0263511	CG4136	Vsx1	Visual system homeobox 1	GAIN	2.138187329	2.009261686	2.416125228	2.101689358	2.49269185	1.600789451	2.24615023	2.309038302	2.204070374	2.127714744	2.206930753	1.947260749	2.15153791	2.224495737	1.939569616	1.871379158	1.708945591	1.628458813	1.974380348	2.081333348	2.133005439	1.882146184	1.927263209	1.591533134
FBgn0035033	CG3548	CG3548	uncharacterized protein	GAIN	11.76234031	11.74363246	11.80715128	11.48222121	13.13160127	10.71223533	10.48118265	12.3416459	12.47338785	10.95633396	11.73094505	10.16665671	10.77971505	13.04317425	11.03005559	10.23026583	10.07003538	9.157214836	10.85826649	11.77417741	11.32359743	10.79009459	11.18514877	9.347870752
FBgn0051475	CG31475	CG31475	uncharacterized protein	GAIN	5.452629834	6.573932991	6.342172723	6.22047674	5.873036742	6.39824085	5.400922096	7.079310154	6.108498235	6.146893094	5.56407827	6.981698887	6.465885574	6.870027991	6.24435176	5.833165591	5.563729654	5.251118511	7.083650401	6.746115693	5.997441143	5.680077081	5.933193551	7.344011084
FBgn0263745	CR43670	CR43670	pseudo	GAIN	5.110126932	5.538030226	5.954568778	4.782688446	5.797442439	6.667953808	5.630008775	5.612095135	5.612615469	4.781388947	6.689679219	6.77465441	5.909202075	6.46419033	7.390037454	5.321465667	5.201488578	5.680997568	6.484137158	6.37085638	6.263389886	5.250209026	6.2438855	7.889530786
FBgn0035157	CG13894	CG13894	uncharacterized protein	GAIN	2.651077079	3.328612725	3.721460026	2.732498232	2.771587883	3.467899866	2.141767449	3.925897112	3.979549865	2.511452901	2.970563513	2.867466506	2.557918354	3.435937913	3.032643903	2.499529589	2.510596913	2.039252752	2.319313753	3.112786034	3.517835876	2.477337925	2.9168527	1.837622699
FBgn0052100	CG32100	CG32100	uncharacterized protein	GAIN	5.450920388	4.965408956	5.886438126	5.258105396	5.247176446	5.247949898	5.249614838	5.190671711	5.350951401	4.811195643	5.118276046	5.866339969	5.787201104	6.569917902	6.059395492	4.897649032	5.040748027	4.682042993	5.471612944	5.697291531	5.566410329	5.225426069	5.101193851	5.035330048
FBgn0002939	CG31783	ninaD	neither inactivation nor afterpotential D	GAIN	0.382537968	0.892366561	0.750591568	0.297304859	0.410663409	0.278000921	0.371480714	0.839565022	0.654149007	0.243183337	0.431174681	0.412145688	0.642891929	0.786070714	0.797050345	0.522832252	0.34942098	0.364753088	0.60783369	0.763572681	0.638492452	0.3405193	0.555970484	0.685958225
FBgn0003598	CG8599	Su(var)3-7	Suppressor of variegation 3-7	GAIN	7.080236061	8.623748471	8.940492739	8.055853487	8.778760336	8.42384071	7.223118207	8.592490948	7.971068099	8.101489251	7.913929139	7.839433655	7.45541825	7.992263621	8.871965128	7.0834026	7.599283713	6.326815981	7.040252061	8.004936759	8.07506039	7.158232916	7.290438328	6.209302314
FBgn0050122	CG30122	CG30122	uncharacterized protein	GAIN	41.89129418	44.39277531	40.32034098	42.77485713	48.31929212	39.29861436	40.04415396	42.36532848	44.96586246	43.37981127	45.14245018	38.39468279	36.49129682	40.40116679	37.88279315	35.53408687	36.22669063	31.36849503	35.74260893	38.73245582	35.90423622	37.32171754	37.73276913	35.0957264
FBgn0032741	CG10446	Sidpn	similar to Deadpan	GAIN	17.1262418	16.57171198	33.53652325	16.54288825	20.41492641	15.13006039	17.56359654	15.41661315	34.52027375	15.52268433	17.17702973	14.34764281	16.18113148	18.378774	28.26080183	19.90598861	14.93738758	9.75116749	16.70940369	17.2154446	33.55114951	24.91561184	17.32382109	10.62384295
FBgn0036028	CG16717	CG16717	uncharacterized protein	GAIN	12.4963424	12.97014462	12.48035649	14.42654923	14.20736156	12.4005165	10.53928236	13.48979811	11.44335852	15.23517191	12.77697182	13.11680367	12.82403156	14.25411901	13.48227136	12.62551456	12.20414602	9.336422913	12.18563854	14.00765461	13.93969315	14.93321498	12.84201869	10.47760158
FBgn0038540	CG14321	CG14321	uncharacterized protein	GAIN	8.908136901	9.261925927	10.90221682	11.15205079	9.529887045	10.97509621	9.394062365	8.113262586	12.81633162	9.566135021	10.48786346	10.9872639	9.038730831	10.84486448	13.53396027	9.321607497	9.956631371	8.162185395	10.21784018	10.92094682	11.18659944	10.14080355	9.543023653	9.401285013
FBgn0038371	CG9597	Pbp45	PSEA-binding protein 45kD	GAIN	1.569083785	2.008997215	1.50911995	1.693158075	1.57810654	1.378722234	1.073536655	1.740267969	1.707472151	1.939549825	1.688190502	1.828843843	1.543841616	1.766842155	1.675938949	1.426738787	1.339595871	1.088097636	1.586579032	1.66090992	1.969624228	1.435802208	1.356560923	1.278929413
FBgn0025808	CG7825	Rad17	Rad17	GAIN	3.403541712	3.566578168	3.561523663	3.472653591	3.826400802	3.190163508	3.669511008	3.414879457	3.652127235	3.392205229	3.763778898	4.823845372	3.455408345	3.833478153	4.082460096	3.636177986	3.641319293	2.63201895	3.505443239	3.840578236	4.023078758	3.391198068	3.366612177	3.267829514
FBgn0031037	CG14207	CG14207	uncharacterized protein	GAIN	115.2786127	145.578362	137.3521871	143.0423697	125.4023414	129.8111074	114.8105233	142.6803618	137.5830677	142.0524718	126.5424694	118.4675459	114.2853289	128.6781598	136.0602595	121.9553945	118.6038326	107.3820371	123.5137202	131.3217056	126.9379669	124.523226	120.9271015	126.3130215
FBgn0259210	CG42310	prom	prominin	GAIN	31.98650377	30.14203939	30.45707246	30.8007809	39.69333653	33.04311715	34.08470378	31.55820742	32.04138514	26.68822814	33.45025407	29.18047941	21.48306109	23.09146299	23.39591822	24.00667171	21.41877198	19.44642182	21.05610301	23.82289894	27.77686727	25.94667697	25.50403985	19.35255699
FBgn0040609	CG3348	CG3348	uncharacterized protein	GAIN	16.19810121	15.21604287	18.10358736	37.64396941	16.36065452	10.72102377	14.9687714	20.54095258	12.34891247	46.41781809	19.51399764	15.23748892	12.37597904	15.44958234	18.62909826	30.52455831	19.21067967	10.79490804	15.34315252	14.97620134	24.9131043	22.2067329	12.63491722	6.662895478
FBgn0032130	CG3838	brwl	brickwall	GAIN	6.710455314	8.552624844	8.502543769	7.462033981	8.026537109	8.070006983	7.772344269	8.116037299	7.6342741	7.772616274	8.208247037	6.762292495	8.235763272	10.10486196	9.524126485	8.373424122	8.268944726	7.110938074	8.016797192	10.24465773	10.25630571	8.320011283	8.605996515	7.558222058
FBgn0028506	CG4455	CG4455	uncharacterized protein	GAIN	5.915104197	6.056412425	6.361813182	5.692800793	5.20585748	5.497650159	5.34048677	5.663379326	5.152114986	6.039052864	5.953596785	5.305027087	3.972062342	5.467855757	6.684164346	4.977793546	4.906529157	3.719417518	5.2064297	5.406820332	4.75450472	4.781532784	4.695438407	5.045410013
FBgn0013531	CG18780	MED20	Mediator complex subunit 20	GAIN	3.816104753	4.615867149	4.861894333	5.126143562	5.585867184	5.080902472	4.758064596	5.279415738	4.988729275	5.171339386	5.984638044	4.216365644	4.478247546	5.722574585	5.420762198	5.408818126	5.459913412	3.998063669	5.365911264	5.671315588	5.471097243	4.696999096	5.168140872	3.829799553
FBgn0267435	CG1744	chp	chaoptin	GAIN	351.5655161	382.3739612	465.8309579	372.5888264	446.0891406	450.7973242	362.7394151	415.2319274	434.1563904	330.3728821	410.8437858	424.4530078	144.6772864	183.4838882	292.789813	241.9567215	240.1375246	193.8521483	150.1898958	217.9594445	331.2483402	244.2276934	258.5255606	181.0513763
FBgn0002733	CG14548	E(spl)mbeta-HLH	"Enhancer of split mbeta, helix-loop-helix"	GAIN	8.692094087	8.116429725	9.123589237	8.943686264	7.799805426	8.487726292	9.119998048	8.171140047	6.163633348	9.978639497	9.538218799	7.032604539	10.48410803	11.25736853	10.9288805	13.59917888	11.73829406	9.669313448	10.40133959	11.02465864	11.77917085	12.59455384	11.31338391	7.046752858
FBgn0032287	CG6415	CG6415	uncharacterized protein	GAIN	34.05084716	35.65815654	33.20579049	45.78210322	28.72395147	29.37206099	29.81291432	26.3358291	33.75692972	34.67398774	36.36452989	28.55992138	32.1930748	30.35524269	35.48293556	55.43613789	39.29690328	35.885421	35.08288091	42.04174415	46.23659248	49.63560709	35.70702217	29.34194514
FBgn0032514	CG9302	CG9302	uncharacterized protein	GAIN	9.563005801	10.45765821	9.656547135	13.0616227	11.77026858	10.33452918	10.10457684	10.32136054	9.330120442	13.89104655	13.25298031	8.545042462	10.14256561	9.879165597	9.916782909	10.47216707	11.48464545	8.48058856	9.038351342	11.07722478	10.54330824	11.49487743	11.26542609	9.210842712
FBgn0030456	CG4332	CG4332	uncharacterized protein	GAIN	8.055970547	8.133351609	8.440917975	9.446617487	7.522033314	5.992990076	7.402515392	8.082652181	6.420777626	8.972918972	7.808504666	7.926643094	6.705362817	6.333862341	6.773279187	7.797734594	7.944564581	7.474943786	6.281896518	7.618959874	8.541328835	7.8057501	7.95060936	6.213238636
FBgn0039690	CG1969	Gnpnat	Glucosamine-phosphate N-acetyltransferase	GAIN	24.36530651	23.48949568	24.35129278	26.29478641	25.66488762	24.7579373	23.6913624	23.03543108	19.0986286	22.98238021	28.86096949	23.87282746	19.8441501	22.39145549	23.79259832	29.99435506	32.08210741	23.91758094	24.96041841	23.92733037	26.34415998	32.37090482	31.17193523	21.99502368
FBgn0034501	CG13868	CG13868	uncharacterized protein	GAIN	126.4295912	96.09477055	106.0434212	134.9359623	117.696062	119.1154725	113.7043624	92.54603792	111.600897	134.1608449	124.2592036	124.3721578	127.4326657	120.2903378	123.6832165	162.7685897	158.8618045	150.1917411	136.284426	117.8987871	126.3333256	155.4153156	156.3669804	182.6878878
FBgn0038651	CG14299	Epg5	ectopic P-granules autophagy protein 5	GAIN	10.40436605	10.44543976	9.798686925	10.11361654	10.98240748	10.36342996	9.567262594	10.09900916	10.61504622	11.81294947	11.27476162	11.45044421	8.522581748	8.452921058	8.46170524	9.166475211	10.44593951	8.695876914	8.566442218	8.274267567	7.967645957	8.37935524	9.295254762	9.213268281
FBgn0031745	CG8965	rau	rau	GAIN	3.597389362	3.288890144	4.478003751	5.028584922	3.597227979	4.602459699	3.577081301	4.652622158	3.570263809	5.304141669	4.316993908	4.050657954	4.156007188	3.924808098	3.805083672	4.140534684	4.820715375	3.758776433	3.891036108	4.337271008	4.667536455	4.439778496	4.459274647	2.703909406
FBgn0035398	CG1869	Cht7	Chitinase 7	GAIN	0.66739196	0.696262632	0.770764926	0.647926722	0.918426084	0.653868294	0.600093525	0.681311869	0.910403724	1.002180288	0.692344591	1.056377463	0.441999992	0.47406845	0.640920153	0.827696492	1.047069623	1.178451304	0.637842499	0.495923287	0.673865548	0.853044281	0.951226307	1.255850663
FBgn0010401	CG3250	Os-C	Os-C	GAIN	5.014975042	0.066041035	2.041791776	0.880101138	1.688433993	0.82295637	0.864035323	3.362511877	1.564059278	0.399937276	2.233684729	3.172157076	7.612521647	12.21663211	15.72986773	28.21075034	50.81385183	25.91437831	30.15708483	26.83473692	26.11783936	30.55098218	42.29041593	37.22799772
FBgn0051126	CG31126	CG31126	uncharacterized protein	GAIN	22.81032243	20.58776014	25.24864254	21.98853703	27.07961464	26.33013277	23.19812818	23.3874156	25.35675308	24.52532165	29.84285146	26.52398911	22.56046398	20.74701749	19.22212982	22.07564163	25.25842058	29.26340683	20.73973956	21.27752068	23.90498397	23.69555378	30.08568999	28.06189715
FBgn0039613	CG14527	Nepl20	Neprilysin-like 20	GAIN	1.837186921	1.870365512	1.27978603	2.355702464	2.348318521	2.307639961	2.246623119	1.475807562	2.04668605	2.220487404	2.415899361	1.847422955	1.985192971	1.885012657	1.690802558	2.584239737	3.172406706	2.897994488	2.320942679	2.080259721	2.103947696	2.783108671	3.350905547	4.067161781
FBgn0031220	CG4822	CG4822	uncharacterized protein	GAIN	34.99927429	26.49808984	23.63164707	32.03398426	30.71031193	29.07786967	34.98725678	24.2079258	23.8771535	28.96000351	31.7848623	30.97235815	36.433197	29.01309342	26.26001617	37.62312766	40.39745789	35.3131024	38.03823229	29.89341438	23.36615238	34.81541948	39.54731499	40.27749597
FBgn0036691	CG7842	beg	bad egg	GAIN	9.58352035	8.324036995	8.326171415	9.237522311	9.738458823	9.957909466	8.554067718	9.176677366	7.322319013	10.40451178	8.944967094	7.668524408	8.175009474	8.082049257	5.15487986	7.413045599	9.419710035	7.932531496	7.656634404	8.211127417	8.172199495	9.187068147	8.117403124	6.77647546
FBgn0034440	CG10073	CG10073	uncharacterized protein	GAIN	0.726605403	0.67799635	0.513765303	1.009634437	0.650023172	0.932878163	0.739203024	0.672274591	0.573467303	0.513233954	1.051034089	0.956808474	1.628173893	1.313365316	1.233584056	2.557946357	3.014312751	2.936254975	1.431629139	1.475147877	1.384277288	2.189148045	2.571200853	3.019493167
FBgn0029898	CG14439	CG14439	uncharacterized protein	GAIN	26.60092863	25.94085336	24.14138299	28.48182328	27.01583401	26.34775487	28.45040437	24.33046253	22.84468883	28.79245303	28.71974992	27.98340213	23.48218374	18.34693795	15.88038555	21.85853038	25.39393228	25.80548689	20.62605018	18.80105407	18.10948961	24.74821428	25.84695271	23.86211187
FBgn0058006	CG40006	CG40006	uncharacterized protein	GAIN	25.37093925	23.42503568	22.50534032	22.09168156	24.72753957	21.43715553	20.24129362	17.35365455	22.33634234	24.93965615	23.94677587	23.74824827	16.91837378	15.46586543	20.32837411	17.73507925	22.1471854	20.77402624	17.15392097	17.11146649	16.88327336	19.60177554	22.11095641	23.06862756
FBgn0038961	CG13850	CG13850	uncharacterized protein	GAIN	13.98758764	12.96643201	12.35304198	15.60902888	16.10621182	12.84407358	14.09816621	11.86493349	12.13557577	15.72962606	15.85706724	12.16134362	13.92458068	12.73136649	10.47465576	13.24169396	14.38815375	12.73541667	13.2101768	12.39261311	12.26457459	13.94143274	14.54090488	13.70316134
FBgn0034919	CG5569	CG5569	uncharacterized protein	GAIN	19.81995721	19.78978495	20.15101688	19.16788746	24.08553273	22.4129084	17.71465232	22.7030939	19.41227159	20.9104156	23.75571945	24.69082813	20.8512279	19.82340345	17.18498211	20.75190844	25.17422413	20.88463886	20.94981269	21.076488	19.53213956	21.90450803	26.69183	21.73188583
FBgn0035763	CG8602	CG8602	uncharacterized protein	GAIN	61.00291933	63.52715881	57.6820898	56.07268492	64.14115031	63.67082146	62.34098906	61.29635591	66.49776102	62.63696231	64.30002319	60.23408196	56.37424766	59.77756819	50.61569489	56.74418456	63.31212445	58.56555867	57.44428543	62.4675131	51.71703039	56.43830675	64.30965422	61.04059703
FBgn0030262	CG2081	Vago	vago	GAIN	68.98700146	47.55585079	42.56016279	60.89262571	58.62650085	55.51399003	75.03923765	49.30961677	62.39170563	78.96289222	62.95367012	62.76751007	59.95836271	41.59196268	35.0114711	60.80199927	54.69634537	64.082509	67.66600116	55.06105781	46.67674425	53.13009301	68.36031836	69.9239125
FBgn0035995	CG3529	CG3529	uncharacterized protein	GAIN	37.49434034	41.03652863	36.04940878	36.92801722	41.04270837	37.67851394	35.69444037	42.15194134	36.7945999	39.1057159	39.07431056	36.03475289	36.67526207	34.73221316	30.62377709	31.42804751	38.78993175	35.1139244	38.14076122	37.3186451	31.75530712	33.82246246	39.0413055	38.87201383
FBgn0037338	CG10018	Snm1	Snm1	GAIN	3.717476235	3.050590763	3.600564082	3.285167014	3.324538924	4.300606606	4.214747255	3.291305478	3.197102979	3.414898954	3.603081493	3.320725782	3.232249052	3.076272104	2.966336716	3.036315394	3.303000002	3.292740421	3.341437169	3.258654237	2.605624945	2.822009306	2.938136928	3.677066141
FBgn0030048	CG12112	CG12112	uncharacterized protein	GAIN	9.053806272	8.570553686	7.371267231	6.835664671	7.888266876	7.87651026	7.90015336	6.838106556	9.021228803	12.32680441	7.281486549	8.048685028	7.73873821	8.388507532	7.229824615	7.265866226	8.319941898	8.591173762	8.172941585	8.054400851	7.587911442	7.966477273	8.706042025	8.418187423
FBgn0032810	CG13077	CG13077	uncharacterized protein	GAIN	68.38073609	77.44550371	63.11171883	74.80761932	67.02652742	65.32119242	63.50625353	77.32246467	57.15412891	66.01854649	65.25411165	62.80294693	33.38137241	31.4784967	24.94039616	28.40215908	36.73082244	35.64949905	38.50292274	33.60170828	30.18733155	30.97779359	34.96121609	33.12642938
