logFC	logCPM	PValue	FDR
FBgn0262029	-4.2208536259177	2.65921537148059	1.16215552160847e-224	1.11311255859659e-220
FBgn0003996	4.88507698749317	2.22727789458239	6.49442541349622e-144	3.11018033052334e-140
FBgn0036585	-2.6830106821444	1.9059139384664	2.94637707689985e-75	9.40679988084893e-72
FBgn0033926	-1.61126546614145	9.33415956322398	6.28719071892427e-49	1.50546781764642e-45
FBgn0030773	-2.65510771429017	6.83638332427082	3.21472667513659e-48	6.15813041889165e-45
FBgn0264711	1.6365114781088	1.73109043554893	1.01945994767912e-43	1.62739789647844e-40
FBgn0260746	-1.88610907640185	5.57569860213032	1.07018285373487e-40	1.46431591043894e-37
FBgn0037265	-0.727237385116834	5.0344030440667	5.61622805703425e-35	6.72402904128426e-32
FBgn0015400	1.0975100006085	7.13176254662871	8.38996293810951e-33	8.92878500235699e-30
FBgn0262150	-2.11616141968375	3.61446651199262	4.04749424327168e-32	3.87668998620561e-29
FBgn0261534	-1.4515033220452	3.54793294331439	5.64368207752234e-31	4.91410790350081e-28
FBgn0000055	-2.58969125734703	2.59165097087814	3.19825200711007e-30	2.55273814367502e-27
FBgn0039098	2.19382533635658	1.5336937533114	6.29947827681455e-30	4.64126176425613e-27
FBgn0051436	1.23981524523835	4.17354035592528	2.45385651463756e-29	1.67878840694275e-26
FBgn0266418	-0.685154281431536	5.94900275235187	3.83190394027019e-29	2.44679839599386e-26
FBgn0039255	-2.10282725310285	1.79957312342913	4.30374692936018e-28	2.57633050558824e-25
FBgn0029173	-0.836057921817274	3.84522667047262	2.13532460706828e-25	1.20306700508823e-22
FBgn0040965	1.10024666160999	2.46427943582689	4.85501150769279e-23	2.58340556781564e-20
FBgn0265068	1.43023466112852	2.81523230697457	1.17711604953952e-21	5.93390395920499e-19
FBgn0036619	-1.74087416371844	4.81251024445972	1.38448067697928e-21	6.63027796205378e-19
FBgn0029688	-0.433008589174605	7.80642695798437	1.41825556406666e-20	6.46859609172879e-18
FBgn0003162	-0.569424104400877	7.05296087215899	1.97702975527286e-20	8.60726863454703e-18
FBgn0086347	0.444262188774017	6.52144252702606	3.20806153232101e-19	1.33594840680742e-16
FBgn0034165	-0.609198233564184	4.28768965858131	3.69474868118085e-19	1.47451261951459e-16
FBgn0037298	-0.489011051642372	7.684610372321	2.28668402740557e-18	8.76074384579624e-16
FBgn0025827	-0.611319894892916	4.7584442562941	3.15903975873766e-18	1.16374164650728e-15
FBgn0039025	-0.419913153568295	5.02389305642494	5.95184147517871e-18	2.11136065367636e-15
FBgn0038652	0.854363376677607	6.02752030250196	1.80247647968922e-17	6.16575704373692e-15
FBgn0052523	-2.55134033564916	2.31758131420076	3.96156019212221e-17	1.30840770759126e-14
FBgn0263738	-0.591488356821736	3.29852369280976	1.81111291018029e-16	5.60351181039702e-14
FBgn0000180	0.844353453423832	3.20347271268539	1.81362357613602e-16	5.60351181039702e-14
FBgn0014019	-0.75674704711705	9.3161269937112	4.67468883485493e-16	1.39919280188252e-13
FBgn0039495	-0.725142859438982	4.02239722185026	6.72135948208977e-16	1.95082367028654e-13
FBgn0039297	1.03741533037876	3.04758940668444	1.93593042387654e-15	5.45362988232045e-13
FBgn0261575	-3.66210986401652	6.59900536077314	2.42434427037371e-15	6.63439126332553e-13
FBgn0039299	1.73855147947763	1.56297793260746	2.30303613812558e-14	6.12735559193522e-12
FBgn0031775	-1.3217306514411	5.48753251124327	3.54658475662479e-14	9.18086183755465e-12
FBgn0036146	-0.584241840528769	4.42173841266366	4.97237805327252e-14	1.25330097353274e-11
FBgn0034566	3.05160347336206	2.13275337756141	6.4967599623296e-14	1.59553761331264e-11
FBgn0010039	-1.14596781604034	3.70544677322385	2.19881128702878e-13	5.26505362679041e-11
FBgn0039483	-0.725385163110039	5.15162151816179	2.88438157374354e-13	6.73819675934527e-11
FBgn0027617	-0.530373617446432	2.94297042967524	3.65861530499087e-13	8.34338509314346e-11
FBgn0050101	-1.50743694424255	0.720425408779627	5.05273257351703e-13	1.12546680439875e-10
FBgn0032538	-1.32740867811597	0.738672491021214	5.29492929113097e-13	1.15260983523755e-10
FBgn0039449	1.19809068042615	0.799337296373201	6.42254774181771e-13	1.36700360602511e-10
FBgn0036785	3.20373023598221	1.90073569420862	6.62899023681036e-13	1.38027105409064e-10
FBgn0263986	0.823007992248065	2.63258985154181	8.01631886880142e-13	1.63362344947617e-10
FBgn0038398	-0.803913646896798	6.90997473141278	1.14733493841392e-12	2.2894112583601e-10
FBgn0260461	2.84708183359239	2.65967510394697	2.06047039005273e-12	4.02758885631123e-10
FBgn0035670	2.52199733746365	3.82402646430051	2.39255176678252e-12	4.56233784967408e-10
FBgn0031690	2.84940346380848	1.63182743237232	2.42930914944016e-12	4.56233784967408e-10
FBgn0264750	0.76608870762185	5.10676558268538	2.50835064144319e-12	4.62018893148902e-10
FBgn0250847	3.53254138941702	1.40625345446399	3.89608902059874e-12	7.04089446024428e-10
FBgn0022800	-0.388128464725088	4.44384146252222	4.78273202960575e-12	8.48314951473406e-10
FBgn0039341	0.626624173737798	4.71527634001666	5.70506238717329e-12	9.78723603208291e-10
FBgn0035638	2.30860080943837	1.44027357229892	5.72233470240805e-12	9.78723603208291e-10
FBgn0039709	-0.545045092774468	5.49112346576761	6.9269944685471e-12	1.16397812315341e-09
FBgn0034622	-0.821622773824398	5.40610638065777	8.28314229466312e-12	1.36786098100488e-09
FBgn0010041	-2.3112122502109	0.772290118677445	8.67233048927724e-12	1.40785731231012e-09
FBgn0030933	2.10340657742831	1.57196572378265	9.54123793151716e-12	1.52309961513452e-09
FBgn0038236	-0.751048653134479	8.35037456239476	1.04209798064394e-11	1.63626466534552e-09
FBgn0261349	2.61565509865078	1.31700598759152	1.15486375415574e-11	1.78407823182318e-09
FBgn0050271	1.46539116704707	2.26920476102675	1.18862063582113e-11	1.8070807063325e-09
FBgn0035988	3.26441860209954	4.03519277095731	1.20819614469243e-11	1.80814104279126e-09
FBgn0034505	2.20802667488	1.68554334391464	1.30353928133426e-11	1.90380980582839e-09
FBgn0040466	-0.460029913570399	3.67162018994115	1.31187562314339e-11	1.90380980582839e-09
FBgn0037616	2.63505266841978	2.92468553661595	1.381438986284e-11	1.97483919561613e-09
FBgn0011224	0.42127701683987	7.19799005158783	1.45877053659788e-11	2.0547212058139e-09
FBgn0025111	1.88675317975897	2.43070511746461	1.55355449652452e-11	2.14937729804377e-09
FBgn0039315	-0.868848820295886	1.33705761772022	1.57085415392633e-11	2.14937729804377e-09
FBgn0036415	3.18768025474519	2.13924124980355	1.62034672678403e-11	2.18587055621655e-09
FBgn0003187	2.7026425206012	1.63481557507951	1.93044588052308e-11	2.56802925606251e-09
FBgn0053293	2.01602236350116	1.94289147158229	1.96828420442446e-11	2.58249672739418e-09
FBgn0037547	2.62902188848798	4.20176494563752	2.25155478818599e-11	2.89141272050881e-09
FBgn0040763	1.65179834619236	1.48065146259959	2.26410476130884e-11	2.89141272050881e-09
FBgn0033845	0.687240936210146	2.75757287025269	2.52093888074048e-11	3.17704639470162e-09
FBgn0039040	-1.18267857772585	4.79967170388278	2.7744027296961e-11	3.45106874610769e-09
FBgn0036417	-1.1087655649565	0.549113789784554	3.02229981312759e-11	3.71122918078667e-09
FBgn0038395	3.17535824636487	4.13681837777439	3.09988838936066e-11	3.71782691215207e-09
FBgn0029728	2.39660190265936	1.20449721282736	3.10530541837717e-11	3.71782691215207e-09
FBgn0016080	1.15286605538239	2.85558186455645	3.33241492308481e-11	3.94047779423535e-09
FBgn0031240	2.08627066149974	3.03967804860356	3.50870594510623e-11	4.09833970027164e-09
FBgn0016684	2.48117117953118	2.00806287618213	3.93605151678609e-11	4.54210860575628e-09
FBgn0033900	0.48368396292072	4.12598610229738	4.0710364955401e-11	4.64195089931942e-09
FBgn0051659	2.95945612698613	1.13268002893469	4.24537816126468e-11	4.7837920033639e-09
FBgn0003124	2.9539335361836	1.4634967645033	4.64306541431975e-11	5.17107913236681e-09
FBgn0037759	2.84910637324571	2.59766607185114	5.02141376733218e-11	5.52817253603536e-09
FBgn0054034	4.27493484161536	2.8068630290547	5.46948041723671e-11	5.87282145966878e-09
FBgn0032507	-1.65799556474863	5.29562920581738	5.48255481174192e-11	5.87282145966878e-09
FBgn0051601	3.27631519921356	1.41797986360189	5.51841648956139e-11	5.87282145966878e-09
FBgn0002673	1.45787969614307	1.68665609122763	6.16767382926488e-11	6.49164614689e-09
FBgn0034800	2.71657522231466	1.56942602903428	6.5100039910683e-11	6.77748024200567e-09
FBgn0040508	2.68079950753601	1.59071010965876	7.32748847153323e-11	7.5178301478298e-09
FBgn0039319	-0.857055995900804	2.79187488705145	7.37811687091253e-11	7.5178301478298e-09
FBgn0010504	1.19348153516119	3.23103647610304	7.52139691411497e-11	7.54783836121788e-09
FBgn0035581	3.19170232545344	1.45321383443816	7.61431975050847e-11	7.54783836121788e-09
FBgn0037292	0.922517424160344	2.58486173317976	7.64397912965269e-11	7.54783836121788e-09
FBgn0039518	3.30275351359783	2.17213760072329	7.77181495209709e-11	7.55672742149986e-09
FBgn0038909	2.75551930080926	1.58459691412275	7.81077484577663e-11	7.55672742149986e-09
FBgn0038598	3.36714019650056	3.28107733194378	7.97020734422361e-11	7.63386459429737e-09
FBgn0031501	2.66079757864246	1.61371565208913	8.33509690677886e-11	7.9043126904087e-09
FBgn0038610	-0.345596877906479	5.58847731214469	9.32625827225228e-11	8.75753938545415e-09
FBgn0260991	1.83784216622881	0.506320889157476	9.63237501523418e-11	8.95717358212747e-09
FBgn0036016	1.46898263747672	1.64092592911864	1.04000863114748e-10	9.57807948954865e-09
FBgn0032637	2.51492236179936	2.12698818707363	1.06403426158236e-10	9.70601919755797e-09
FBgn0035047	1.19918559844698	4.79934110166098	1.1413082685579e-10	1.0312689241743e-08
FBgn0036970	4.00655147952408	4.36654645147344	1.1829517494101e-10	1.0526298935613e-08
FBgn0039501	2.10601293480758	2.78694495268216	1.18692867513698e-10	1.0526298935613e-08
FBgn0033819	3.09491487687468	1.66607900655657	1.25381458280651e-10	1.10174642881842e-08
FBgn0041711	-0.774970572286227	2.89291601566234	1.38677658990731e-10	1.20750419801202e-08
FBgn0052591	3.16207469200875	1.60095340552104	1.40743925296023e-10	1.21445524007686e-08
FBgn0054041	2.37370588856565	1.04569470019183	1.42194930789024e-10	1.21602057776542e-08
FBgn0030159	-0.613346828699374	6.37177733236066	1.55557795762519e-10	1.31852439629505e-08
FBgn0000615	3.48915620341239	4.48954917250343	1.58329001882439e-10	1.33024138599123e-08
FBgn0032074	1.75393048036091	1.04858550066718	1.65041673235123e-10	1.37458186630087e-08
FBgn0034490	1.75631566588589	1.98383996593732	1.67115985463967e-10	1.37985940411541e-08
FBgn0034166	-0.976739843371368	3.20514532063587	1.810950712044e-10	1.48250307008183e-08
FBgn0036931	1.46462610127947	2.95503107570602	1.8516995582083e-10	1.5030151159762e-08
FBgn0004379	1.3093171802779	1.4584319570191	1.94852912117764e-10	1.56832032963356e-08
FBgn0039026	-0.406545169294844	8.64189747192294	1.97863297876698e-10	1.57927888921917e-08
FBgn0029722	2.60900386655699	1.43018952562741	2.08962438348938e-10	1.65408449132738e-08
FBgn0029890	2.30900087197021	0.863972853958697	2.32069029675147e-10	1.82193210346603e-08
FBgn0038921	2.86057909105717	2.1202523960318	2.36108569184681e-10	1.83857550865925e-08
FBgn0031821	-0.443265522447797	4.59579028913648	2.58564596061813e-10	1.99720298474197e-08
FBgn0036125	3.50722075862773	3.05401605688407	2.82603762573178e-10	2.16542307034072e-08
FBgn0051029	3.47908246297873	3.4256727615327	2.98267963628812e-10	2.26730996479108e-08
FBgn0040092	2.30480166328381	2.44023448109292	3.20833428417577e-10	2.41963982471146e-08
FBgn0034876	-0.296454965681867	5.96526892862917	3.52979761243748e-10	2.64128136968173e-08
FBgn0031347	3.67718007931133	3.08527556829038	3.69406491975861e-10	2.74277161251535e-08
FBgn0050156	1.10677790517527	2.91558860793688	3.77836538411218e-10	2.77093781164754e-08
FBgn0038052	3.72135275544108	3.1384635521107	3.80898746798207e-10	2.77093781164754e-08
FBgn0036687	3.16041118263864	2.30426315940161	3.81879088679762e-10	2.77093781164754e-08
FBgn0263048	1.23494818692503	5.21823632831896	3.8598907691074e-10	2.77970178845945e-08
FBgn0039310	2.72440071067818	2.19781152524162	3.94808227837897e-10	2.82199493002342e-08
FBgn0051102	-0.468267380159412	4.37384078668692	3.98842132128149e-10	2.82971106779512e-08
FBgn0036031	3.21297124081398	1.35596957278956	4.45547986070742e-10	3.13783721366586e-08
FBgn0032867	2.98742987896314	1.3077938202331	4.56947232560583e-10	3.1946281704126e-08
FBgn0036145	-0.463783707380809	6.49766274261115	4.61126703316928e-10	3.20048664084749e-08
FBgn0032850	0.9583548042007	1.48608505029232	4.80655402263599e-10	3.31202693732428e-08
FBgn0032481	0.908326823285666	5.46624978748401	4.99563146135005e-10	3.41772558120077e-08
FBgn0267689	3.26773417836606	1.42960636008243	5.33715347246404e-10	3.62547914604685e-08
FBgn0039752	2.87490174663635	1.71602203566997	5.73292795995385e-10	3.86690028172099e-08
FBgn0003889	3.91017960137271	4.25188895057663	5.79163329471289e-10	3.87917927949371e-08
FBgn0038889	-0.351710323146184	4.46183528826065	6.52407879977601e-10	4.33196190650409e-08
FBgn0028997	2.31916331258937	0.980334971841784	6.55809643394334e-10	4.33196190650409e-08
FBgn0028583	3.42423781397325	5.95388245889385	6.85708362355546e-10	4.49843472235714e-08
FBgn0038919	1.17200476224041	3.1330778206158	6.99667552642314e-10	4.55878627157013e-08
FBgn0035078	1.98857524201101	1.71133401837324	7.41015678210478e-10	4.78509415393937e-08
FBgn0031142	2.18873170398611	0.912199419586747	7.44392387697814e-10	4.78509415393937e-08
FBgn0051103	-0.481280200811813	5.68549877660403	7.62866690669788e-10	4.87115810882349e-08
FBgn0038952	3.00340383236906	1.90342840399518	8.6786502715954e-10	5.50490809942654e-08
FBgn0034532	1.08345500383498	2.50450774597296	8.75220347255055e-10	5.51503979342692e-08
FBgn0036763	0.864930964056301	4.77814330548278	9.43674867550604e-10	5.90752802705862e-08
FBgn0051161	1.63067021750063	2.39515454745334	1.01579069487699e-09	6.31769043865704e-08
FBgn0013810	1.81843566542625	1.50026272742252	1.05950884112758e-09	6.54708108407741e-08
FBgn0051871	0.811474592655114	2.60822014626054	1.15062251534337e-09	7.06452721279407e-08
FBgn0030164	-0.341946960913571	4.53183563845696	1.24321913602678e-09	7.58442858908568e-08
FBgn0040075	0.342523964617237	4.12391619810963	1.26033968306197e-09	7.64021106605541e-08
FBgn0034745	2.40576315705196	1.37995668776672	1.29794715923957e-09	7.8187030762243e-08
FBgn0033138	1.41834031278723	0.748687771858526	1.32589394724204e-09	7.93713264167766e-08
FBgn0038639	-0.350219937460715	4.74427719398003	1.37857448022728e-09	8.20123377119062e-08
FBgn0086907	3.78357674703278	2.02325865281244	1.42122448037561e-09	8.40277041545528e-08
FBgn0023197	4.80065439117025	3.45654585978815	1.43253058518588e-09	8.41765518092662e-08
FBgn0036778	2.27421884611018	3.11755302215992	1.44808331219458e-09	8.45715973426807e-08
FBgn0085384	-0.409274555607967	6.91880710926505	1.50582761567449e-09	8.66549167399007e-08
FBgn0035707	0.720357892199301	5.02116837275825	1.50940909477964e-09	8.66549167399007e-08
FBgn0038722	0.440860190797302	3.94212494080173	1.51089696132422e-09	8.66549167399007e-08
FBgn0053092	3.76155666205866	1.90717364459153	1.6091490828174e-09	9.17406542572919e-08
FBgn0039312	-1.20805996156562	3.77283843032882	1.66670509645098e-09	9.44597716793342e-08
FBgn0038565	2.95168720330145	1.47680795731534	1.79423461203128e-09	1.01089288906092e-07
FBgn0029838	1.26254247737026	3.0889639382507	1.8197586054916e-09	1.0192776563391e-07
FBgn0002570	1.92525197565536	4.60154696590768	1.93998254443344e-09	1.07604400767744e-07
FBgn0031251	0.568583302910923	3.30030555592945	1.96044559611163e-09	1.07604400767744e-07
FBgn0023090	2.10423150937533	1.0502405634117	1.96086817250688e-09	1.07604400767744e-07
FBgn0262598	1.44606079389306	1.18823454628302	1.96604407333005e-09	1.07604400767744e-07
FBgn0033705	2.79662099152447	1.78662294083078	2.16259433896588e-09	1.1768936692395e-07
FBgn0051538	2.56410972230672	4.46647212243061	2.20106947607717e-09	1.19106460123543e-07
FBgn0052548	3.39807678693967	2.38684198142913	2.22735166659783e-09	1.19851540801539e-07
FBgn0038575	2.49126256762003	0.786826459627307	2.50652013817865e-09	1.34119831751258e-07
FBgn0262537	0.580561624742928	3.99954654966956	2.58111310669163e-09	1.37343896310514e-07
FBgn0260481	1.8146576251447	0.96912064806097	2.59577025067263e-09	1.37360704204102e-07
FBgn0034937	1.55335235343781	1.55517336123849	2.61938412400464e-09	1.37848687580859e-07
FBgn0000251	1.83694777338526	1.78298973628536	2.70113957183571e-09	1.41374397918265e-07
FBgn0039431	0.48105942002854	4.48015608958495	2.73185457971892e-09	1.42204908502977e-07
FBgn0051287	2.9683663716488	1.27672969159856	2.8178670254971e-09	1.45889353352493e-07
FBgn0039251	2.51899642649941	1.00392330724403	2.84718479826586e-09	1.4661470966554e-07
FBgn0027376	3.14614868379394	1.8582582613218	2.8671294534907e-09	1.46852224093764e-07
FBgn0085488	1.34618741041883	0.846336878351035	3.43183022394122e-09	1.74840797260154e-07
FBgn0031208	1.51380131774204	0.48176762899877	3.78766404678058e-09	1.91948392804574e-07
FBgn0086681	1.89466486635259	0.828192772881086	3.8809413756174e-09	1.95640297345597e-07
FBgn0026563	2.21216421928283	3.60813425350249	4.10906258882749e-09	2.06055505108847e-07
FBgn0002873	2.24000065514353	1.49529503501113	4.65763041319574e-09	2.32113186625243e-07
FBgn0004569	-0.334796400341654	4.75622632739144	4.67716068267613e-09	2.32113186625243e-07
FBgn0032047	1.18461006050769	2.60634495258948	4.74582958139839e-09	2.34306988302236e-07
FBgn0265508	1.89162617028585	3.0506693889835	4.87304750149782e-09	2.39354097278698e-07
FBgn0031751	3.60983612278996	3.47426442362175	5.05921612936597e-09	2.47230469831976e-07
FBgn0037612	-0.877739590686713	6.96430176899951	5.09988881132727e-09	2.47952969720267e-07
FBgn0032266	-1.27334156285297	3.74128300075214	5.28857905184373e-09	2.55828334134138e-07
FBgn0028539	-0.281855205973295	6.91267122731235	6.2497094916927e-09	3.00802600559963e-07
FBgn0033063	1.9470292872267	1.01008083667917	6.77190429920598e-09	3.23882833128237e-07
FBgn0020018	0.46473731866672	3.58102236556086	6.79687298588177e-09	3.23882833128237e-07
FBgn0039045	-0.788746269375472	3.15410971126451	6.91516919065744e-09	3.27888566871866e-07
FBgn0260959	0.59385540455913	5.59912226104889	7.03532857879091e-09	3.31942744471228e-07
FBgn0051773	3.29940828917233	1.94822098792183	7.26156325541124e-09	3.4093751402122e-07
FBgn0015010	3.31533728870833	3.36698396596181	7.64699136601101e-09	3.57282357578797e-07
FBgn0037410	-0.938465629331878	4.12085944618128	8.20182847048513e-09	3.81345209176245e-07
FBgn0040001	2.29405577697928	3.4271040861575	8.31346017534906e-09	3.84668220094171e-07
FBgn0038292	1.79299304546441	0.616434391875019	8.49956649932405e-09	3.91388691973682e-07
FBgn0035781	3.11291718282777	1.55462216202439	8.84760050548063e-09	4.04765078365748e-07
FBgn0042627	3.3072520045932	4.5934167148798	8.87457365387419e-09	4.04765078365748e-07
FBgn0037751	1.71909176082044	0.305467061809625	1.00707602953652e-08	4.57145697199089e-07
FBgn0024361	1.88714874609807	0.561998809295209	1.13541624307327e-08	5.12972489441308e-07
FBgn0051860	1.77522190720649	0.797152198277369	1.21247302851809e-08	5.45214397518605e-07
FBgn0051104	2.5436986862343	1.30092659755539	1.33669102811976e-08	5.98262928379956e-07
FBgn0032478	1.59431127987237	1.38362264467943	1.51384114748723e-08	6.72875354182697e-07
FBgn0250822	1.87972392479228	0.617480218230346	1.52124342758413e-08	6.72875354182697e-07
FBgn0028519	-2.27761475063027	2.668540164313	1.52638105936757e-08	6.72875354182697e-07
FBgn0033440	1.05725189932038	0.684325867425176	1.5314974651475e-08	6.72875354182697e-07
FBgn0040859	3.64152962562877	3.00663039976414	1.67973668964827e-08	7.34635525728362e-07
FBgn0035434	-1.0646534186848	6.556240529764	1.69575783268204e-08	7.3827129642857e-07
FBgn0053296	-0.470020447809632	4.23334339609359	1.77876377309868e-08	7.70553419247147e-07
FBgn0263988	1.07174973465322	1.59280498328193	1.78599769338971e-08	7.70553419247147e-07
FBgn0039628	-0.353727858767789	5.89271805004976	1.81740576602158e-08	7.80588001208729e-07
FBgn0050395	4.3556581321214	3.26499440592241	1.92001946137436e-08	8.19667876800316e-07
FBgn0038200	4.22902786419095	3.31251117183699	1.92550921152716e-08	8.19667876800316e-07
FBgn0000241	-0.572150187167489	5.68105077699535	2.02051119645546e-08	8.56303373435856e-07
FBgn0036962	2.22623729552632	0.951769031989347	2.03010869617133e-08	8.56580664842687e-07
FBgn0036437	3.77760436323995	1.64083612165905	2.05313918887131e-08	8.624985592548e-07
FBgn0038419	0.884268330103614	1.28864950369262	2.10584429099953e-08	8.80776271580503e-07
FBgn0267326	2.81719087578745	1.08866789376152	2.23611585844005e-08	9.3119642139734e-07
FBgn0033963	1.78118056384586	0.510515620330034	2.36482617009493e-08	9.80532686457544e-07
FBgn0035461	0.742096610539659	3.45602777606663	2.43281225547391e-08	1.00437395616074e-06
FBgn0261004	0.601394302613619	2.23971993745628	2.45235271543999e-08	1.00809589306799e-06
FBgn0051467	0.754737928406059	1.62861942223429	2.47528169992141e-08	1.01317299666014e-06
FBgn0086915	4.02907763005425	3.45757259511716	2.52829841551266e-08	1.0274191728519e-06
FBgn0028899	1.36362942434565	1.93289519576612	2.53154024632541e-08	1.0274191728519e-06
FBgn0037610	0.593328448128487	3.89825812649229	2.55356040114784e-08	1.03198318659046e-06
FBgn0034664	1.17787270228114	2.0461723676854	2.59809902400076e-08	1.0455711114235e-06
FBgn0038680	0.495665401167836	3.22127107675644	2.66542146983123e-08	1.06817601832818e-06
FBgn0015568	-0.382940056414202	6.25605311065182	2.72406708328323e-08	1.08712977182028e-06
FBgn0259964	3.58132238444629	2.12890342171524	2.74096235437943e-08	1.08933350332972e-06
FBgn0038660	-0.498640042759008	3.03286866972044	3.31905858017373e-08	1.3136340116076e-06
FBgn0051200	-0.309984904787051	6.41592656247279	3.43808224836104e-08	1.35514204834577e-06
FBgn0036835	1.35081256810029	0.693145822373694	3.46320123974785e-08	1.35944842107807e-06
FBgn0036354	1.04990813308583	1.99579900147704	3.51953637857772e-08	1.37592324220479e-06
FBgn0027795	1.11840274754087	2.39555284349851	3.56400403782374e-08	1.38764352334454e-06
FBgn0032235	1.4271689293107	1.87574434749807	3.63669050330229e-08	1.41021140245463e-06
FBgn0040318	0.727817542902119	1.29710070199231	3.68312950145667e-08	1.42246025665129e-06
FBgn0020908	1.19401072548507	2.24953631211881	3.82311157434569e-08	1.47059287787482e-06
FBgn0052392	0.706136775385278	3.21681117058551	4.00099779403214e-08	1.53286227484959e-06
FBgn0010038	-1.46784244810035	2.70155139014626	4.13058147474417e-08	1.57620356036254e-06
FBgn0017456	1.40341080006595	1.27930030099747	4.18565896744066e-08	1.5908826027836e-06
FBgn0034808	0.255241567271897	5.97367103362282	4.27018049913671e-08	1.61659244350717e-06
FBgn0050360	2.61896226412271	3.46968237331593	4.34411816516219e-08	1.63793947268265e-06
FBgn0031127	1.85450725840015	0.86090143731002	4.3607701559206e-08	1.63793947268265e-06
FBgn0037483	2.82285396789545	1.32426973877143	4.61315168875366e-08	1.7259674560501e-06
FBgn0036895	3.16555006937014	1.94906031665482	4.75769643058386e-08	1.77312126117246e-06
FBgn0029859	1.32128752449984	2.69929270360161	4.96346146730384e-08	1.8426369741797e-06
FBgn0038946	-0.737967164286501	6.28078113833488	5.08660716581028e-08	1.88106268085447e-06
FBgn0086711	-0.425470173413618	3.91765047098935	5.23307212835611e-08	1.92778326328442e-06
FBgn0039250	-0.517369787667765	2.76834639230874	5.58008460775931e-08	2.04774139360608e-06
FBgn0036731	1.35566120224922	1.10588754794949	5.84882686331499e-08	2.13817037010805e-06
FBgn0265541	1.74230933142587	1.38119368704161	6.1372396406903e-08	2.23507533378448e-06
FBgn0033221	1.22876988181605	1.78985657990353	6.20121878733327e-08	2.24308733598023e-06
FBgn0035168	1.21104636474897	1.43548757585551	6.20607792894927e-08	2.24308733598023e-06
FBgn0051627	1.02663043159648	1.70907607700907	6.25730554846898e-08	2.2494616340444e-06
FBgn0069973	-0.569895904642948	6.81700639205803	6.27068549060196e-08	2.2494616340444e-06
FBgn0032248	0.447413507612706	3.93473524509349	6.51251330743791e-08	2.32749449472538e-06
FBgn0039325	-0.649073906285213	5.82416123325642	6.62125683948404e-08	2.35756126425941e-06
FBgn0031496	1.27261002842753	0.621183138398269	6.69045366458064e-08	2.37337648886494e-06
FBgn0038213	2.17168950002913	0.855784911307196	7.27574225426684e-08	2.56878048286469e-06
FBgn0040629	-2.11438667472211	0.824694506553919	7.29492891354348e-08	2.56878048286469e-06
FBgn0030594	3.68730730704726	2.40599073692938	7.53826584168492e-08	2.63641428801544e-06
FBgn0032187	0.67382606154392	2.61154081332	7.54204964414522e-08	2.63641428801544e-06
FBgn0034293	-0.629496014632404	3.53778851073681	9.00854232741269e-08	3.1375933967985e-06
FBgn0033728	-0.601726261436724	4.71000453728428	9.55246518850187e-08	3.31498230345909e-06
FBgn0038577	0.362606414745337	4.61195187668443	9.72052229713136e-08	3.36112500223553e-06
FBgn0037746	1.39085213341288	1.61717140621228	1.01012130467987e-07	3.4801949123107e-06
FBgn0030242	1.11539737438499	1.74451688269701	1.05637635706941e-07	3.626513529753e-06
FBgn0033730	-1.03744103455878	3.97183262456902	1.06632900395085e-07	3.64760685708615e-06
FBgn0035360	1.5724204914134	0.544559262637732	1.0702502256283e-07	3.64799169433019e-06
FBgn0036186	1.62645761223183	1.71678115451303	1.0992494776015e-07	3.73355017605218e-06
FBgn0031304	0.247782794817189	6.52104482749188	1.15389945388361e-07	3.90531765699549e-06
FBgn0039855	1.37564303030885	0.917832786218956	1.16374210142811e-07	3.92476121390085e-06
FBgn0051361	0.438336625843738	5.40584373415762	1.16854560796686e-07	3.92713327477425e-06
FBgn0034382	4.11345647217618	2.23491604519177	1.17946364063059e-07	3.94996599648945e-06
FBgn0040227	0.230825241414092	6.94122259615418	1.22245990795232e-07	4.07944845848718e-06
FBgn0035915	4.38380891988589	5.13975075417576	1.22664560038036e-07	4.07944845848718e-06
FBgn0039459	0.523601182330899	1.91416025948498	1.26452154547619e-07	4.19086067909029e-06
FBgn0082831	-0.452206404778662	6.78970311899278	1.3673627325464e-07	4.5160690525274e-06
FBgn0036520	1.31460959871728	0.962174311219158	1.41505768061967e-07	4.65753349311862e-06
FBgn0011606	1.17994288628437	2.64262678984201	1.47914573018463e-07	4.85180061770835e-06
FBgn0051004	2.14905219480348	1.56421168562893	1.51735372007839e-07	4.9601412733484e-06
FBgn0025388	0.732930321098342	3.16246685070832	1.53596373340641e-07	5.00374148376444e-06
FBgn0053189	1.81145298235417	1.18687831403738	1.54113983891262e-07	5.00374148376444e-06
FBgn0054002	1.67759509488752	0.896549840410761	1.60214071103793e-07	5.18422423321666e-06
FBgn0034175	1.44771534709284	1.28257747998283	1.75733593771908e-07	5.66726047524356e-06
FBgn0058470	-0.360093491065556	6.48004590001652	2.03434263992853e-07	6.520049323694e-06
FBgn0038488	0.347154872406869	5.54122021058597	2.03538812673262e-07	6.520049323694e-06
FBgn0039305	0.304490763628103	3.54013265750789	2.14184640172853e-07	6.83820161191863e-06
FBgn0250824	2.33550599609976	0.776398242256661	2.19520694385837e-07	6.98527977019118e-06
FBgn0050384	2.25152609737994	0.586473131215345	2.21572790076121e-07	7.02395021073582e-06
FBgn0267668	0.465400404276848	3.94341608632279	2.22736377044275e-07	7.02395021073582e-06
FBgn0038296	0.788260954024931	3.93529836656311	2.22935984972196e-07	7.02395021073582e-06
FBgn0037683	1.24276919091189	0.800548331427135	2.38331413807843e-07	7.48438780803777e-06
FBgn0085485	-0.976199161292566	2.68531952589023	2.45557140132264e-07	7.68609898100269e-06
FBgn0032810	-0.371042810539967	6.04916162585747	2.51868821189468e-07	7.83439245396814e-06
FBgn0038601	0.320370142606069	4.28927604537557	2.5193076590334e-07	7.83439245396814e-06
FBgn0037654	0.965401001840116	1.89778852871969	2.59833917283348e-07	8.05401054932009e-06
FBgn0039805	-1.13483827963081	1.22977563897778	2.74132007990273e-07	8.46979475009948e-06
FBgn0039379	0.543322262483726	3.98821959070441	2.77117251463386e-07	8.53449850326788e-06
FBgn0016919	0.941188426819094	1.62279573923088	2.78664901112627e-07	8.55465520146392e-06
FBgn0265767	-0.337259510538397	6.63191555908491	2.79688738880808e-07	8.55865412460185e-06
FBgn0039020	0.382094417449517	2.88019631684387	3.10835351459017e-07	9.48146814100149e-06
FBgn0038878	-0.432504969515699	6.15801662499139	3.14448019208942e-07	9.56121627931188e-06
FBgn0086348	-0.964655422587335	5.45040717628863	3.20249189699309e-07	9.70679347765816e-06
FBgn0033679	0.377265139585996	3.65683064897625	3.2825828720877e-07	9.91816364317223e-06
FBgn0032004	1.40474480618855	1.67118593603107	3.3594850634081e-07	1.01185999802902e-05
FBgn0261871	0.319535734597541	4.29820022967891	3.3989396517886e-07	1.02053429419534e-05
FBgn0039494	-0.46252035292035	4.40332487421823	3.65028276392219e-07	1.09257525977646e-05
FBgn0036091	4.4785847085845	5.01083659192556	3.68780674642798e-07	1.10036800676907e-05
FBgn0283437	-0.785073257561583	4.73955830367401	3.85043069717476e-07	1.14532376451987e-05
FBgn0051642	1.55805195722811	0.424838444244264	3.92162110523299e-07	1.16288814074061e-05
FBgn0030775	3.56375499337165	0.842536767040652	4.17779253788444e-07	1.23502768295855e-05
FBgn0051956	1.63672122176191	0.923415378253335	4.26275087589932e-07	1.25626547351888e-05
FBgn0040588	-0.798898964988172	4.04402979337761	4.33196331511811e-07	1.27274676785894e-05
FBgn0001217	4.34631152109182	2.63333032610601	4.70485105830859e-07	1.37807533444892e-05
FBgn0039101	-0.979855738461397	0.857247690122181	4.83222209080103e-07	1.41106778005159e-05
FBgn0033258	0.693905717252616	3.01073335356932	5.21910004917592e-07	1.51940851887559e-05
FBgn0025878	-0.288465839859893	6.61221449136361	5.26234328993234e-07	1.52735527366582e-05
FBgn0028482	-0.278188460978607	7.74415600269443	5.29662844695582e-07	1.53218773020575e-05
FBgn0036359	-0.461377463497524	3.23006858210369	5.31098691196815e-07	1.53218773020575e-05
FBgn0011725	0.333692592751923	6.51656940378672	5.37674537355552e-07	1.54243876090116e-05
FBgn0083984	0.636460703661565	4.45026962349216	5.37872777344944e-07	1.54243876090116e-05
FBgn0266741	-0.723845811279782	1.0763500707914	5.4508632466033e-07	1.5566951146582e-05
FBgn0032252	0.373398170084328	3.44018834032526	5.46094757282476e-07	1.5566951146582e-05
FBgn0040308	0.458492640550989	3.86297951052792	5.76405582717418e-07	1.63822334458974e-05
FBgn0011280	-0.31167905420803	9.80059483103932	5.8320080483722e-07	1.65263233986121e-05
FBgn0031574	4.11586790182167	2.97390685069251	6.17256316980771e-07	1.74187562131542e-05
FBgn0050197	-0.294273264410638	7.69084922510173	6.18331291759493e-07	1.74187562131542e-05
FBgn0037889	1.92295254947368	2.59163173158197	6.34233447098771e-07	1.78143341827332e-05
FBgn0035431	1.12199884190555	1.45628518097013	6.37632344361393e-07	1.78179919506338e-05
FBgn0000405	1.98945187483103	0.962519936103941	6.38084280545772e-07	1.78179919506338e-05
FBgn0038373	4.48866651728727	3.19404299407827	6.60896086389828e-07	1.84013451030284e-05
FBgn0039154	1.20626955116364	0.756723044615152	6.70998247217935e-07	1.86284672807344e-05
FBgn0038450	3.1240165273134	1.9607826846066	6.78262354423331e-07	1.87757133834297e-05
FBgn0016974	1.99412265974551	0.550336432908488	6.80555034935726e-07	1.87848879671884e-05
FBgn0038741	0.416605603204128	2.57983079863528	6.89023679882845e-07	1.89639908216031e-05
FBgn0043799	0.660212998842824	2.1021996079824	7.29510311036281e-07	2.00207729487264e-05
FBgn0029843	-0.342279310118301	5.82505979539791	7.58527626953379e-07	2.07576503170271e-05
FBgn0052436	4.24895324563732	3.74087185484471	7.87027105956371e-07	2.14761983500004e-05
FBgn0262867	-0.25385872720059	4.7334938158274	7.90298796795078e-07	2.1504209874157e-05
FBgn0032229	0.270768313101581	5.76647947963309	8.16768886439349e-07	2.21615081991957e-05
FBgn0038466	1.12355229424206	1.18054919588702	8.64050943965273e-07	2.33781919245745e-05
FBgn0030721	1.54704006130099	0.824621461290532	8.79485308510325e-07	2.3728761365949e-05
FBgn0051199	-0.322534456339042	6.34721637382775	9.06786199472527e-07	2.43966242094041e-05
FBgn0032397	0.390880918288558	4.99465756230679	9.25958624007803e-07	2.48426658284222e-05
FBgn0030163	-0.290779994543847	3.73784345013882	9.34917176176323e-07	2.50129517134548e-05
FBgn0037653	0.260133768719868	5.38714646923318	9.43316154577783e-07	2.51673596895432e-05
FBgn0042179	2.37035217551214	1.41369397826674	9.60163720150054e-07	2.55456891988812e-05
FBgn0052476	1.08284293857821	1.31122354472146	9.7687375876758e-07	2.59182738545038e-05
FBgn0036880	-0.837610259190657	0.76777554815079	9.7979260778861e-07	2.59239049651914e-05
FBgn0035094	2.0663026115359	1.33728245627436	1.02558306043226e-06	2.70607012474385e-05
FBgn0034225	0.945044231453526	2.91801891523129	1.05588747337832e-06	2.77837643407074e-05
FBgn0016013	-0.382459870560722	4.92976454563904	1.06305420357136e-06	2.78957072926206e-05
FBgn0038683	0.276495083566935	5.56206689172263	1.06654315460189e-06	2.79107932644179e-05
FBgn0033174	0.807267391432491	3.479455576285	1.11440528732988e-06	2.9083852430642e-05
FBgn0037879	0.961680472336112	3.99099285132902	1.12239177270185e-06	2.92126858666802e-05
FBgn0011327	0.449767281547763	4.03877145021843	1.17244090951492e-06	3.04326261011759e-05
FBgn0043535	-0.405280140901409	5.57847172080546	1.25861238758745e-06	3.2581052563007e-05
FBgn0051826	0.517222508331569	2.47315487910356	1.28876154835237e-06	3.32715852024772e-05
FBgn0029608	-0.258269335164563	5.95611884316433	1.3854190728821e-06	3.56708168818946e-05
FBgn0061197	4.28159668613167	4.12939204762534	1.46641902152106e-06	3.76551243649563e-05
FBgn0051320	0.767062250953046	2.16417513556343	1.54319173446794e-06	3.95205626543687e-05
FBgn0039782	0.875366377121525	2.05336747400269	1.60015892095003e-06	4.08701923862918e-05
FBgn0053192	0.756584379983719	2.38724851561387	1.6078307461515e-06	4.09569225708485e-05
FBgn0037291	0.787106913869285	1.23181535253356	1.66529861139311e-06	4.23083026523163e-05
FBgn0031169	1.20104725840525	0.2434739978449	1.80178706931461e-06	4.56548056875537e-05
FBgn0000079	2.05540649968721	5.10134869026604	1.87757081441592e-06	4.74495336688014e-05
FBgn0000078	0.96968246670645	6.04437652950707	1.88913124418445e-06	4.76160501494701e-05
FBgn0031914	-0.271782194850644	7.74811486152624	1.93713764713507e-06	4.86979117697105e-05
FBgn0032603	-0.386581101351942	6.00784903335449	1.94472776669552e-06	4.87336598538711e-05
FBgn0261015	1.21688355834992	1.35128995253917	1.94873582418382e-06	4.87336598538711e-05
FBgn0037065	1.56997373723637	0.567531393425519	1.97164294158483e-06	4.91781148294259e-05
FBgn0028523	-0.320858316224981	4.90707915403783	2.009121362112e-06	4.9982764691711e-05
FBgn0051431	-0.351279264422116	2.89988815912898	2.18842936255613e-06	5.43025296232192e-05
FBgn0033873	1.31085007975271	0.507381136166521	2.254159439233e-06	5.57889899456684e-05
FBgn0034687	0.784875557811589	1.57409350267388	2.36086320686556e-06	5.82792468952535e-05
FBgn0034201	-0.853743999841852	2.07412904538768	2.74186213234764e-06	6.75104254591921e-05
FBgn0034985	-0.307769717969316	6.66661872646725	2.76346143366972e-06	6.78677784915091e-05
FBgn0036008	0.564559057006265	2.81699951487072	2.77300574945179e-06	6.79280027320952e-05
FBgn0037519	0.658370348988118	1.43523995353567	2.89859821342485e-06	7.08234022657735e-05
FBgn0010258	1.07681280838058	0.69522853644685	3.10460407205511e-06	7.5663862091969e-05
FBgn0037678	1.3527272102702	1.56528597841101	3.13526572666142e-06	7.62171957613277e-05
FBgn0259101	1.09368900385161	1.89438494691894	3.1537113868444e-06	7.64715130713814e-05
FBgn0261561	0.606517485986578	4.34889193890406	3.26710176120274e-06	7.90209612848481e-05
FBgn0039109	0.306375308673887	5.8797290569506	3.67775895572406e-06	8.87294087605164e-05
FBgn0043025	1.45965051608608	2.58717959007644	3.7576742722539e-06	9.04296587428339e-05
FBgn0003748	-0.228343248254008	9.11706890209853	3.78420852310362e-06	9.08399730182619e-05
FBgn0033848	3.07766274165507	1.82197142146071	4.02660378524166e-06	9.64170276376116e-05
FBgn0051755	-0.527453777384645	1.93492698880054	4.11641054557614e-06	9.8321646397826e-05
FBgn0031110	-0.546802501377572	3.47646510566376	4.17793341218519e-06	9.95429010495267e-05
FBgn0035497	0.565448914428403	7.16944158671153	4.18916076286102e-06	9.95627339619921e-05
FBgn0004055	-0.209006188802444	7.1227582199325	4.3718842079908e-06	0.000103648284515188
FBgn0029791	-0.442382128586544	5.56859080375787	4.4276659429588e-06	0.00010471156642385
FBgn0029091	1.27237924283636	1.42292732711007	4.56800533238261e-06	0.00010776442136345
FBgn0039955	-0.269664786732975	6.77570734588119	4.70102804854811e-06	0.000110630090046668
FBgn0031247	0.425101758847653	3.93542721335304	4.87026333128542e-06	0.000114331819085911
FBgn0038353	3.14129886200852	2.26919961471115	4.91479192435524e-06	0.000115095053915586
FBgn0037999	-0.539976094360337	2.42056346803515	4.93347944439254e-06	0.000115250892971687
FBgn0039099	0.557284919161992	5.53316756567874	5.2056420643086e-06	0.000121312991951211
FBgn0027549	0.198538799505467	5.68655591823965	5.28066617903187e-06	0.000122762671511571
FBgn0037537	-0.27817377815149	7.20595028172062	5.29506269998805e-06	0.000122799299129505
FBgn0041150	-0.29829756354901	8.05482308576281	5.31159519695951e-06	0.000122885166175068
FBgn0031277	3.81026079944977	1.75460997762489	5.34413041462468e-06	0.000123339954485
FBgn0039478	0.86489191330233	1.49745507062393	5.42871706496236e-06	0.000124990990500504
FBgn0027512	0.262780174390285	6.14898130349049	5.45531348257893e-06	0.000125302140374439
FBgn0035346	0.256553716398523	5.81241101094047	5.47509208511387e-06	0.000125455578926365
FBgn0037064	3.47077564641237	3.04231187928156	5.53251507490817e-06	0.000126468805220693
FBgn0050456	-0.371134264239305	4.42370270612689	5.57327281624606e-06	0.000127097159604773
FBgn0011241	0.242136391349522	4.6921716350944	5.60043544869201e-06	0.000127413232132
FBgn0039265	-0.214008905079813	5.86516022713769	6.16887091536466e-06	0.000140012904330243
FBgn0030653	1.05827911958913	1.21658442786842	6.29222262167312e-06	0.000142474960450083
FBgn0030101	0.263540379389536	4.9642406507049	6.33969277947621e-06	0.00014321126755147
FBgn0033468	0.378278014060517	4.36166026140488	6.54980156703491e-06	0.00014760941037426
FBgn0002542	0.459079929053945	2.29449831717665	6.6617048450902e-06	0.000149778894380925
FBgn0037950	-0.302662591670166	4.51795404351302	6.79737850698057e-06	0.00015247140829007
FBgn0003886	1.05629013972977	0.570776728075596	6.85641427792353e-06	0.000153436298957831
FBgn0033592	-1.21800814372326	1.01382811579579	7.18994766850864e-06	0.000160525218575701
FBgn0034247	1.11436145236	4.07186435189495	7.24952980035696e-06	0.00016114308321745
FBgn0046225	0.53472704262738	3.59096266131526	7.25127050185017e-06	0.00016114308321745
FBgn0030004	0.365638273417983	3.40801073667431	7.51285267317497e-06	0.000166569682647384
FBgn0283741	0.474894661602858	4.22514613161993	7.58723887344383e-06	0.000167830424780243
FBgn0036410	0.942094068330349	1.75612799004932	8.10554789537201e-06	0.000178882345027357
FBgn0014417	-0.392087582960595	4.46289070615353	8.20529527692484e-06	0.000180667398074451
FBgn0035696	-0.27943795047496	6.29256902777734	8.6036492477261e-06	0.000189004019483304
FBgn0034689	0.302158179269824	5.01457176929447	8.65733118997851e-06	0.000189748096424746
FBgn0027562	-0.473895312564857	6.34744870262278	8.81201678361978e-06	0.000192697481172398
FBgn0004882	0.637168099615206	5.28351870933364	9.16059279713996e-06	0.000199863685218694
FBgn0031249	3.93407806262472	1.69429213907416	9.28662052872118e-06	0.000202152844145662
FBgn0259226	-0.491916821164559	3.54616613850282	9.31941173311838e-06	0.000202406633967818
FBgn0033710	-0.25690051847402	8.52804261565368	9.50158110618346e-06	0.000205896253020419
FBgn0085249	3.43785484240633	6.16525121041198	1.01294912477581e-05	0.000219007375103898
FBgn0043534	-0.321592321011429	5.46727277891892	1.02255075817766e-05	0.000220441686340812
FBgn0259729	1.70792798924241	1.33263953386991	1.02418616017604e-05	0.000220441686340812
FBgn0032883	0.35375515078252	4.3128971622693	1.05406116945827e-05	0.000226363181189941
FBgn0033659	1.37592295645748	0.466300340488871	1.10050360856628e-05	0.000235808133397042
FBgn0039048	-0.417473754236282	6.34034183467353	1.11599638253364e-05	0.000238594048033643
FBgn0036369	0.194592650897422	5.82585885370333	1.15326684233433e-05	0.000246013136211097
FBgn0046999	-0.56461585583094	4.28360029809387	1.17904620743188e-05	0.000250953434995168
FBgn0039896	-0.474800848274429	3.61227649106036	1.24970218422503e-05	0.000265402384046725
FBgn0284247	-0.543478256463638	2.87783391488767	1.29066570207288e-05	0.000273495488815356
FBgn0035496	1.10349219267292	0.226179840662459	1.38071885859836e-05	0.000291932124230796
FBgn0034474	0.632676142895324	6.50438301871053	1.38975668674175e-05	0.000293195804969439
FBgn0039261	-0.199007594006403	6.64826959029933	1.4092114417994e-05	0.000296646751418783
FBgn0036710	0.258241994566612	3.75974242757836	1.46514362438984e-05	0.000307744421807147
FBgn0033692	0.339621113781202	4.52530204385984	1.4925339391177e-05	0.000312811598881167
FBgn0031575	0.224865775685748	5.35249444885001	1.56653948567787e-05	0.000327605135236302
FBgn0039881	0.706911634526816	2.54857315072647	1.58409110127359e-05	0.000330553912156828
FBgn0039226	0.213987061039389	5.38336984251548	1.63354505719742e-05	0.000340132490387758
FBgn0033574	-0.281304367601076	5.84637613510379	1.66008861182537e-05	0.000344909516790964
FBgn0037329	0.311802862703945	5.49232127193096	1.68188049189981e-05	0.000348061694256491
FBgn0086442	0.208237175684661	6.35510430110483	1.68374338142705e-05	0.000348061694256491
FBgn0053109	3.25880201899065	2.65104919055277	1.68616231086878e-05	0.000348061694256491
FBgn0032879	-0.53249676128685	6.22950674072296	1.70020993016812e-05	0.000350206681960221
FBgn0037228	-0.427946036554277	5.30922756913041	1.82125475898073e-05	0.000373583037307316
FBgn0031741	0.57495504730606	3.01761164673071	1.82150008793607e-05	0.000373583037307316
FBgn0053191	1.37883718365563	0.393404036799106	1.83129362205866e-05	0.000374789109232432
FBgn0032753	-0.53676907914799	4.39321133219012	1.84188235742777e-05	0.000376152435382584
FBgn0035640	0.647305589358469	0.907489064630719	1.87122247554631e-05	0.000381331252569841
FBgn0000114	0.365958561768112	6.24541514643817	1.89628307113353e-05	0.00038486463796273
FBgn0037581	0.834745165945686	1.28979842962911	1.89659750593452e-05	0.00038486463796273
FBgn0030895	-0.362807266981959	5.97940403790714	1.96876052882999e-05	0.000398663601377033
FBgn0036180	0.240359275345694	6.00429585197128	2.03400257347731e-05	0.000410933390616554
FBgn0038269	0.407105808019251	4.68788075989856	2.03793443874361e-05	0.000410933390616554
FBgn0003502	-0.235898210747999	5.43225318956092	2.0453612657429e-05	0.000411564500069024
FBgn0033377	0.50709130028629	5.64118558961405	2.05445567038075e-05	0.000412527807356538
FBgn0032470	-0.745923800451003	3.8468419754555	2.08906043432636e-05	0.000418598762342633
FBgn0033748	0.92013117476186	0.580643644106194	2.1790941174462e-05	0.000435727838348637
FBgn0032848	0.571339561907634	1.61359653984582	2.24600416595177e-05	0.000448171414614293
FBgn0030421	-0.228909479047601	5.74223844139078	2.35683646391468e-05	0.00046930934826143
FBgn0030090	-0.203051180012697	4.89396749474586	2.37604829963005e-05	0.000472153332237689
FBgn0042094	0.451280365978844	4.0766462861931	2.54172073884625e-05	0.000504029011111166
FBgn0262945	1.47116676219635	0.999938638175797	2.55468019457376e-05	0.000505552208752634
FBgn0041180	-0.340775902361743	8.29017371721324	2.56369169179501e-05	0.000506289464412632
FBgn0028372	0.297497683226975	4.40126820388489	2.63922335283518e-05	0.000520133359536118
FBgn0037490	0.442244712565885	2.16825314552797	2.68283787448661e-05	0.000527643145006832
FBgn0021776	1.90101073019136	0.895549646021096	2.71853474244093e-05	0.000533568150883181
FBgn0032517	-0.276257606067918	3.93927792209991	2.81457020196737e-05	0.000551287390479417
FBgn0036380	-0.487882834168763	4.22558257522181	3.05622924802085e-05	0.000597399259949871
FBgn0037980	0.271283032142739	3.22466216932014	3.19462283511771e-05	0.000623179175453309
FBgn0015513	-0.265455078245729	7.04663344884664	3.41470306310633e-05	0.000664756624764888
FBgn0041156	0.757116776449887	0.603396159786342	3.44175823011542e-05	0.000668664509696662
FBgn0036560	-0.331295774979701	6.31791157190625	3.53303092025587e-05	0.000685007493000217
FBgn0037997	0.856615698382843	1.70826690510271	3.58654415557681e-05	0.000693978180244741
FBgn0013811	0.750264416292312	2.10058291462587	3.60754676569695e-05	0.000696634736327527
FBgn0038877	0.314472611049278	8.58919672905479	3.67462516315871e-05	0.000708160157197869
FBgn0034506	0.804184404197151	1.92689497629771	3.74987505525543e-05	0.000721073724013016
FBgn0033033	-0.31191233490722	7.10300353826589	3.75669020967315e-05	0.000721073724013016
FBgn0000527	-0.425711312625487	5.34324276942915	3.8454665687361e-05	0.000736637575907087
FBgn0032646	0.261955853425013	5.4917593361735	3.89118632896004e-05	0.000743907837500585
FBgn0033447	0.681588067634861	0.749834239060748	3.92501251591549e-05	0.000748879878036625
FBgn0040376	0.486760092439491	2.75303726304705	3.96741324628484e-05	0.000755464892105691
FBgn0262146	0.844941191470577	1.15995462490266	3.99947988503638e-05	0.000760059887676159
FBgn0267017	-1.14364551931281	0.5403275185454	4.02768901320852e-05	0.000763905056802202
FBgn0002868	0.505720953315398	9.80130987189468	4.05037022674595e-05	0.000766688656754401
FBgn0026192	0.199107709637322	6.84946006712225	4.14063357103886e-05	0.000780853566877003
FBgn0259247	-0.30791391722904	4.76855474539541	4.14150774664353e-05	0.000780853566877003
FBgn0051207	-0.374788617404282	5.16245072273385	4.32351446127811e-05	0.00081356820255642
FBgn0027615	0.36403988679778	4.11234593116669	4.37836550272625e-05	0.000822274211472785
FBgn0030331	0.757827058489419	1.2353160265165	4.39331225619307e-05	0.000823466629937716
FBgn0040260	-0.253453652833503	4.9250754353738	4.41255917878324e-05	0.000825458824499725
FBgn0262904	-0.350127377116987	2.90591113561506	4.51655068927937e-05	0.000843265545846352
FBgn0038585	0.252718720577082	3.93177879819525	4.59001609247589e-05	0.000855314671862531
FBgn0039774	-0.248713459220509	6.65556033415309	4.64732420643037e-05	0.000864312063091069
FBgn0267727	4.59868490127464	4.86944368141527	4.69758130318666e-05	0.000871965769804686
FBgn0001226	0.927868990562861	1.9706572948099	4.71174818909768e-05	0.000872903755419295
FBgn0032515	0.233939656400123	6.92751935403506	4.7425854561019e-05	0.000876920530859923
FBgn0036512	0.33543611555342	4.61115644934225	4.77871613863029e-05	0.000881898712443178
FBgn0034709	-0.351777252483184	5.87158059046047	4.98266016572556e-05	0.000917767674371527
FBgn0031292	1.70546463926536	1.69589123716588	5.11530981255538e-05	0.000940392272258263
FBgn0040322	-0.25347568058403	5.3498031815325	5.18594212215552e-05	0.000951550836130376
FBgn0010226	0.331295757413486	6.41425981240059	5.48956600735295e-05	0.00100533581679592
FBgn0039630	-0.479294373355908	1.63564600758032	5.52315436363612e-05	0.00100955672700204
FBgn0038739	0.375598391225092	5.01019694334407	5.57209514469977e-05	0.00101656242468447
FBgn0039290	0.22254518022087	4.91739383194598	5.76658329869891e-05	0.00105004438849692
FBgn0051704	0.966978886763912	4.40368611040492	5.83902655492207e-05	0.00106121814692682
FBgn0034883	0.580455351773779	2.05708899474766	5.93067570956415e-05	0.00107583355958722
FBgn0085241	3.9786578037524	3.09929751947935	5.97376983720815e-05	0.00108160241022268
FBgn0266000	0.367171557080457	6.88024324747671	6.09124995224819e-05	0.00110079230269119
FBgn0265174	0.275065508483685	3.79606642159511	6.10575868986772e-05	0.00110133628496333
FBgn0052194	-0.565471291564076	1.97439083242036	6.20467974979066e-05	0.00111707561359953
FBgn0035471	0.298643970404077	6.10157061385027	6.24481270179919e-05	0.00112219167087866
FBgn0000147	0.709408043705494	1.87047313061682	6.26635409933869e-05	0.00112395392440948
FBgn0265856	-0.473018220460602	1.247151958137	6.35636714691682e-05	0.00113720074145774
FBgn0025692	-0.396267648223106	3.02630370045706	6.36395486971549e-05	0.00113720074145774
FBgn0001216	0.406045765570177	4.503404037664	6.64275114826049e-05	0.00118480950648117
FBgn0053993	-0.343370858614314	2.18372460398781	6.95060998071047e-05	0.00123741528615697
FBgn0016047	-0.328889122532094	3.35864046264796	7.03591325139635e-05	0.00125027786868041
FBgn0038665	-0.37892028597821	5.31980482981221	7.44724780399623e-05	0.00132092110123474
FBgn0051105	0.998668782412523	1.38828150242579	7.4975490522848e-05	0.00132738493202928
FBgn0035611	0.92177167652094	0.397741995976495	7.60549513250535e-05	0.00134401166751174
FBgn0027889	0.371757101493567	2.90108944386599	7.68113390028093e-05	0.00135487846218952
FBgn0035164	0.299815614940119	3.25653658984871	7.86658178189056e-05	0.00138503897623066
FBgn0035957	1.7491627430791	1.58651658485154	8.02695313158138e-05	0.00141068178154654
FBgn0033916	0.195612390587992	5.12528210199756	8.17219833767514e-05	0.0014335772102244
FBgn0038000	1.59636938713405	1.44958357603592	8.2905583596282e-05	0.00145168131569504
FBgn0032431	1.20712802388676	1.03303174376658	8.30804349450793e-05	0.00145208833194155
FBgn0284244	-0.499674868044027	3.07845813339244	8.47362283604969e-05	0.00147800779852334
FBgn0001987	-0.277394150110967	5.79361725209059	8.48720285224304e-05	0.00147800779852334
FBgn0036501	-0.330606750435547	6.02828437336862	8.74002129464855e-05	0.00151793326335689
FBgn0032224	-0.198308721949485	5.29112599315253	8.74816414045731e-05	0.00151793326335689
FBgn0012037	0.369408315033258	5.71702116653576	8.76454520820313e-05	0.00151802556969565
FBgn0034475	0.42966307512893	2.31199793509034	8.97400236041635e-05	0.00155149809761855
FBgn0051205	-0.586733531388287	6.57726268334788	9.02603827720537e-05	0.00155768278592924
FBgn0026176	0.943547684869105	0.94993523885612	9.05059779695185e-05	0.00155911197300728
FBgn0001112	0.366311075494387	5.23378903236361	9.21340571850073e-05	0.00158430879662118
FBgn0003087	1.0544360603436	0.449033717187299	9.25990155685086e-05	0.00158945048586949
FBgn0050489	-1.09337825370978	0.583931187252745	9.28999993130834e-05	0.00159160706924457
FBgn0259714	-0.275723930077511	4.83962535791942	9.30570013339903e-05	0.00159160706924457
FBgn0039052	1.62829934120754	0.789879627848327	9.36568128344995e-05	0.00159901061199436
FBgn0032233	0.319610227190175	5.93142704588595	9.3989685012661e-05	0.001601838439593
FBgn0027108	-0.275924929160878	6.62551077068383	9.45264794743225e-05	0.00160812543588821
FBgn0039323	-0.54822592176456	0.966110389261197	9.54537229261132e-05	0.00161983769509688
FBgn0036423	0.680166921991681	0.547614825054755	9.5553173703251e-05	0.00161983769509688
FBgn0030691	1.04000345071849	1.654377391836	9.75645190471517e-05	0.00165101230288625
FBgn0000317	-0.239671592023128	5.36180520456939	9.84284431017667e-05	0.00166269422932755
FBgn0027505	0.491961902445636	5.12873916139757	0.000100988780334988	0.00170294108811358
FBgn0038530	-1.6737301650559	1.48747619495169	0.000102589915072506	0.00172690018728377
FBgn0263390	0.32543623215333	5.68259933160239	0.000104426054058639	0.00175472411539235
FBgn0030503	0.267735176840473	3.31260742527576	0.000109637077849895	0.00183486081381824
FBgn0031097	-0.659895703584821	2.1121208838254	0.000109766016317679	0.00183486081381824
FBgn0042201	-0.604249755529725	5.04369731988207	0.000109769810640828	0.00183486081381824
FBgn0037378	0.289134071518398	4.14794148169306	0.000110607827155145	0.00184564768029962
FBgn0002937	-0.304316671821663	6.53367023057905	0.000112494632275397	0.00187386710945
FBgn0025697	-0.266140234378732	7.05151916431292	0.000118200836289518	0.00196549932288368
FBgn0050033	0.29256937455768	6.29097564089736	0.00011842609182844	0.00196583207544679
FBgn0035574	-0.268795022076952	4.95151725990173	0.000120937637895865	0.00200404964665502
FBgn0039461	0.187412131105855	4.16398090590866	0.00012223188838931	0.00202168471245923
FBgn0003250	-0.313643115832794	10.715291105306	0.000122424006392394	0.00202168471245923
FBgn0031265	0.320798527145621	3.64047705152379	0.000124051161719526	0.00204430321301792
FBgn0038311	0.406252265181039	2.78834218391084	0.000124220554393029	0.00204430321301792
FBgn0051224	-0.256569977199005	7.06193964046419	0.00012456141222191	0.00204639658020833
FBgn0029851	-0.537931321265508	2.68310100261499	0.000125481764299114	0.00205798688091938
FBgn0033113	0.481205472601901	2.18043533953021	0.000126947664320173	0.00207846962198054
FBgn0016675	0.861229101550863	2.19847468634455	0.000128248686813031	0.00209618758070856
FBgn0086532	-0.248811130366575	5.46909378304072	0.000133224274245313	0.00217380255318843
FBgn0265310	-0.600599885569891	1.32159354716411	0.000134062201901812	0.00218176547635852
FBgn0033901	-0.272521113732388	4.38065672925213	0.000134167870701103	0.00218176547635852
FBgn0027780	0.176747099187406	4.4904118385396	0.000137973930638624	0.00223985475874023
FBgn0033729	-0.768348450418781	0.0237418627873958	0.000139308133041208	0.00225768747591995
FBgn0262717	-0.293115912523606	5.02158678433315	0.000139741924327076	0.0022608921473053
FBgn0000404	0.8102203477795	1.4221469313696	0.000141993835434064	0.00229071688986534
FBgn0041712	0.295649469283089	5.7098472608603	0.000142063670137817	0.00229071688986534
FBgn0026371	0.382529838199644	2.52578811207544	0.000146697045665467	0.00236145261072915
FBgn0002774	-0.161567053578188	6.95731288086983	0.000148398094311509	0.00238482709281146
FBgn0250816	0.684623041517726	0.950187230056683	0.000149074117997176	0.0023916782281021
FBgn0032271	1.31896812669942	0.187605628434916	0.000153133700606556	0.00245016231297058
FBgn0032230	-0.248829960260365	4.96041262768605	0.000153231073863999	0.00245016231297058
FBgn0035087	0.4253967671251	7.43983835881355	0.000153922944119063	0.00245712326462064
FBgn0266777	1.16360043387124	0.230497419034657	0.000157951683522017	0.00251723997466535
FBgn0001089	-0.253702664931006	4.69343454666079	0.00015859971906602	0.00252336895218329
FBgn0039474	1.97485445185705	1.8857258602465	0.000160987932693702	0.00255711844003363
FBgn0038047	0.531849331275029	0.566314504281538	0.000163560203191574	0.00259367487776307
FBgn0052082	-0.256576908185986	7.61087308791367	0.000167163009636433	0.00264642529966571
FBgn0031871	0.329172507902278	4.60818464403232	0.000173059112570676	0.0027352478221154
FBgn0033737	0.230709223543845	4.23861269858898	0.000175493607826129	0.00276915613798792
FBgn0000320	-0.268557647814771	5.64497136365549	0.000177887724957149	0.00279781369290751
FBgn0033184	0.253567640076348	4.61484682117263	0.000177893979847638	0.00279781369290751
FBgn0040670	0.853046128826022	0.515960890210518	0.000180707882463233	0.00283740999710303
FBgn0038354	-0.285718640775023	3.79899140575078	0.000187299363718813	0.00293609379001439
FBgn0039360	0.195809511200299	4.66338853137522	0.000187868737846579	0.00294020714231132
FBgn0053281	0.824636227904269	0.613469705256525	0.000188989409694862	0.00295292098867437
FBgn0032402	-0.228018194104472	5.96250354351595	0.000189557096070424	0.00295696720873374
FBgn0022338	0.191341224886913	3.62274528864685	0.000190465553966726	0.00296630744047691
FBgn0013272	-0.251691301396337	9.32996059082455	0.000191603186487616	0.00297475209554876
FBgn0028506	-0.251333731968501	3.07890127590365	0.000191628945808476	0.00297475209554876
FBgn0030554	0.24550758088458	3.74733061819087	0.000192116548577923	0.00297749563475622
FBgn0027586	-0.409476937500329	8.0336615633066	0.000194411972903774	0.00300820335455952
FBgn0035619	1.75685918135176	1.4865301291743	0.000195023403575254	0.00301077793458819
FBgn0051272	1.16474375415852	2.28717239256417	0.000195207047126672	0.00301077793458819
FBgn0039684	-0.804374466106167	1.88389088136244	0.000197808414415672	0.00304599516603425
FBgn0087012	-0.392336923033271	6.20480068654095	0.000202575296985025	0.0031143919655258
FBgn0031646	-0.758788185357443	0.327025869200655	0.000204777181514757	0.00314319846882747
FBgn0039112	0.197678059748663	6.73680905660977	0.000207883611438054	0.00318577476856588
FBgn0032189	0.312852276892738	4.05141026995549	0.000209800472195635	0.00321001425349807
FBgn0266869	-1.11576447915002	0.163453751594115	0.000214296712096106	0.00327357880136603
FBgn0010812	-0.207178396300103	5.07425657971846	0.000215953372575425	0.00329363280657233
FBgn0037580	0.260912111453857	6.47152180955657	0.000220623342331891	0.00335950774698704
FBgn0267428	0.2636955733503	3.90208534198026	0.000221088148640026	0.00336124172646693
FBgn0037963	-0.187799199880337	5.88221741983118	0.000225000507418252	0.00341530088756262
FBgn0039727	0.348827349880698	4.51464285574857	0.000227520421007397	0.00344808638039375
FBgn0038980	-0.229931193863634	5.92314686921682	0.000228559835156171	0.00345836666844519
FBgn0000256	0.25734757406598	6.39417590747571	0.000230764812607985	0.00348622298921023
FBgn0032256	-0.224661619394355	3.95195014041994	0.000232489057777752	0.00350674046518946
FBgn0000639	1.47293120364431	2.42587727605102	0.000233471633972172	0.00351602407261865
FBgn0037900	0.298972462570887	4.13780697742979	0.000234821739270808	0.0035308047389887
FBgn0261243	0.211662700275596	6.57003219765635	0.000236988983620025	0.0035578064029978
FBgn0039007	0.548309750885774	0.655661850159794	0.000239071348533798	0.00357789093917198
FBgn0003302	0.308539437318919	3.87150566198985	0.000239073940391529	0.00357789093917198
FBgn0037215	-0.201194278844043	6.95025662217901	0.000239791729864442	0.00358303461566556
FBgn0032117	0.594656553225038	3.46102984893411	0.000241644507224942	0.0036040228880874
FBgn0033603	0.764648475191386	2.28748520808366	0.000241948915957423	0.0036040228880874
FBgn0024943	-0.312019462242302	8.19653957035396	0.000243294447348715	0.00361843822469875
FBgn0030102	0.26237868710593	3.47258023744888	0.000250711241489283	0.00372152988427153
FBgn0030272	-0.34073193013084	7.82375770861732	0.000251003164046712	0.00372152988427153
FBgn0051875	0.851449956621849	0.478348730852086	0.000254982836004021	0.00377145900030662
FBgn0085285	0.717673421070155	0.756118473634401	0.000255158220108446	0.00377145900030662
FBgn0039529	0.369284167175724	5.2854038253529	0.000255974234925887	0.00377769063500792
FBgn0034792	0.160423593442287	6.14851784646485	0.000257255699657642	0.00378649030165595
FBgn0035673	1.20845057862862	1.04798267837963	0.00025736115957173	0.00378649030165595
FBgn0027582	0.233569743576536	6.11798304417489	0.000258507812206112	0.00379752733943273
FBgn0031327	-0.408170167172766	5.41402658570039	0.000261255585280317	0.00383201530752661
FBgn0039239	0.56321325547831	3.63870884559705	0.000269490887477852	0.00394676409826127
FBgn0038243	-0.203602533740672	4.88880064380712	0.000270158803315443	0.00395050537122948
FBgn0001308	-0.128872957512668	7.32714370686872	0.000286933963265071	0.00418941082340374
FBgn0250835	1.01522969406247	3.03400051328695	0.000287945448534179	0.0041977800701071
FBgn0032225	-0.228481084132094	3.93183876692826	0.000288448537947002	0.00419872355084558
FBgn0041713	-0.315991165092783	6.44291357879166	0.000289460148193497	0.00420705508254524
FBgn0083956	-0.320340092938167	7.76203195705278	0.000296277090287272	0.00429960904662347
FBgn0034480	-0.832389950252953	3.43657447863139	0.000298022989886714	0.00431840271881233
FBgn0267277	-0.730738985328473	0.190073928677891	0.00029995692759926	0.00433930258718837
FBgn0050438	0.57444761595929	4.64500244370085	0.000300371436135507	0.00433930258718837
FBgn0032149	-0.224517392160312	2.97506828101953	0.00030881107546047	0.0044545067481331
FBgn0039075	-0.213736785094181	5.54789707961252	0.00031063585787407	0.00447409059656819
FBgn0032382	0.346960894317246	7.92686063018826	0.000312517431902615	0.00449443237652139
FBgn0052220	-0.251570764043505	5.07127729706454	0.00031698476177267	0.00455184415031279
FBgn0000139	-0.249565238647291	5.16642033060817	0.000336970902089114	0.00483159775480469
FBgn0085261	0.540472706708603	2.586643356993	0.000339911644529643	0.0048664779242226
FBgn0263977	-0.173292399833591	6.98344164377853	0.000357293603391789	0.00510769870639785
FBgn0029167	-0.458956079433908	7.54796707752429	0.000362367220292532	0.00517250854837835
FBgn0027611	-0.254302631896725	8.31000291768637	0.000364618042146448	0.00519689227333136
FBgn0038682	-0.239895380016565	4.74937698686131	0.000365420616480528	0.00520059236946582
FBgn0000394	-0.152507993011832	5.88670414693185	0.000366596776760108	0.00520645078311763
FBgn0053178	-0.28613714442041	5.29795036604541	0.000366919427709793	0.00520645078311763
FBgn0023479	-0.265566901567795	8.02539833696415	0.000372125931075033	0.00527251799975839
FBgn0085237	-0.538998967977258	1.78962799902839	0.000373779138342422	0.00528811903551509
FBgn0010019	4.0141981971419	8.4533528375294	0.000388348197908505	0.00548613427664847
FBgn0032601	-0.235298454505779	4.70616139463025	0.000389449699864683	0.00549359237894541
FBgn0037924	0.303838904616789	5.10279772833723	0.000395705681395203	0.00557363090647537
FBgn0037213	-0.162999691406561	6.88714941093079	0.000397757834146033	0.00559430915631528
FBgn0019661	-0.398752582865894	9.53495662159461	0.000399639846349516	0.00561253731427517
FBgn0259227	-0.206041961690636	6.64462000739866	0.00040032357242997	0.00561390801864459
FBgn0031734	-0.255055443629408	7.64159670552476	0.000406071689531934	0.00568619099756852
FBgn0029821	0.829487071140536	1.37769659141559	0.00041255311698291	0.00576851642987199
FBgn0002715	0.554720078883578	2.16498481041944	0.000425642903175096	0.00594286840613858
FBgn0260005	-0.256738304370024	7.85905689190529	0.000443691316206378	0.00618584487136054
FBgn0036279	-0.183464597962188	6.93979338989107	0.000450483298919728	0.00627140848408889
FBgn0032699	0.300122947820762	5.41362136862875	0.00045748645308968	0.00635965928547599
FBgn0259984	-0.256075620481417	5.29965495417627	0.000465680674425439	0.00646418768064761
FBgn0033558	-0.201471449698967	4.44808301161439	0.000469596574569642	0.00650911142001162
FBgn0034797	-0.234070034541535	7.1785935286065	0.00048593266005104	0.00672581360978159
FBgn0026077	-0.493500080303508	5.21205205253564	0.000487183087399324	0.00673339049222327
FBgn0035620	1.16395595297956	2.27453331854486	0.000490885894405943	0.00677479120550449
FBgn0001256	-0.392155117601767	2.29636013625856	0.000499512234488757	0.00688392544163067
FBgn0031986	0.489342046118029	1.30967658552927	0.000503708009415751	0.00693177487670124
FBgn0039773	0.208760054579134	4.46457819548865	0.000507394690007831	0.00697249116340747
FBgn0014127	0.245578109914399	3.20032340189411	0.000509562299552063	0.00699224599585911
FBgn0035501	-0.189120716124223	6.02120647713467	0.000513080788190796	0.00703045463417946
FBgn0010750	-0.16365842988134	4.99396457477494	0.000514510065690586	0.00703996772740634
FBgn0038056	0.357138511143236	4.29365128020603	0.000523840056467197	0.00715740379578147
FBgn0038277	1.34964721073749	0.381748486394694	0.000527829099918943	0.00720163407268324
FBgn0028703	-0.145166389869324	8.17967164419593	0.000528894358427629	0.00720590350642934
FBgn0034363	1.38178350811286	1.15591322881485	0.000539103317780156	0.00733456190013968
FBgn0035059	0.16828760660392	4.83468080659882	0.000541632956061884	0.0073585254654762
FBgn0035768	0.664311133568945	0.522175732460614	0.000547857332682439	0.00743254607993258
FBgn0034468	-0.507939976688403	5.14933893861616	0.000550153599283709	0.00745314168874027
FBgn0032609	1.26649615928551	1.65234979101371	0.000553083428146882	0.00748225010563677
FBgn0039161	-0.611188223873464	4.16406123989328	0.00055840290908796	0.00754355862234765
FBgn0037433	-0.29384723560428	5.81831528871762	0.000569609126386043	0.00768410734158523
FBgn0262532	0.511192945026161	1.60781380942038	0.000587507543092869	0.00791441244408368
FBgn0032208	-0.199340383093321	8.28641079582736	0.000591025998710776	0.00794025900396682
FBgn0039137	0.169562259900278	5.18503897881386	0.000591895381851278	0.00794025900396682
FBgn0002906	0.278292552198521	3.39616603163793	0.000591913231241627	0.00794025900396682
FBgn0023550	1.23356004567552	1.90949275156544	0.000592887080437066	0.00794219923975695
FBgn0028704	-0.383103456680725	8.73469364189508	0.000595315240785363	0.00796358851430476
FBgn0038115	-0.330042524426541	5.2742364016732	0.000607163647938957	0.00811075790789307
FBgn0051313	-0.319822351113053	6.88740246811292	0.000608777924603037	0.00812099576859037
FBgn0005670	0.521109470934055	3.27421847854734	0.000611693520472765	0.00814854038816153
FBgn0031548	0.432623330782174	1.58239100236031	0.000614076808309672	0.0081689273194306
FBgn0034500	-0.2154106094749	5.42655714575479	0.000621764653845599	0.00825972517965763
FBgn0037447	0.207132239966758	5.21916556967096	0.000629227902520908	0.00834729203648927
FBgn0031176	4.3384550652679	4.89392586454849	0.000647250979034512	0.00857450882045997
FBgn0028579	0.163066861550602	5.99724278133556	0.000650357180268327	0.00860375838758293
FBgn0042178	0.547101814628515	3.30202031743959	0.000657321983189098	0.00868390338618646
FBgn0263974	0.417597103515301	1.83010985117505	0.00066641021321071	0.00879184162828124
FBgn0265813	-0.482115254782157	2.07292027221812	0.000670065179018073	0.00882790135438116
FBgn0038072	-0.240063906325766	4.49527581424326	0.000683649220143033	0.00899449482215656
FBgn0052368	-0.827531125382399	3.27593655715466	0.000686175212032315	0.00901534455534364
FBgn0051774	-0.254608942670064	5.05823516261525	0.000692582008010277	0.00908705544208553
FBgn0051855	0.199543781653121	4.20618187062451	0.000699286768090582	0.00916247423361367
FBgn0050121	0.689567780394089	0.348048058402999	0.000701343941941352	0.00917687469387195
FBgn0036769	-0.199056045380616	5.48864836405668	0.000706152545399931	0.00922718837631725
FBgn0035976	-0.209881131496657	6.10313566583946	0.000709871426429753	0.00926314512580951
FBgn0031808	-0.350828511785129	5.42464950930155	0.00071200195601469	0.00927830576150844
FBgn0030740	-0.206538376413469	7.14415763382711	0.000722475033283468	0.00940199166955035
FBgn0011828	-0.208359675457334	6.97252531792836	0.000729375136452513	0.0094789078113191
FBgn0000046	0.339131810642215	6.16674709173584	0.000732592197337902	0.00950781580772686
FBgn0037913	-0.359782846950265	7.9482986802765	0.000736282096337453	0.00954047072912989
FBgn0000592	-0.318566463125704	8.73307320412853	0.000737255548403396	0.00954047072912989
FBgn0002772	0.177667668357462	6.75680056690398	0.000738096555678142	0.00954047072912989
FBgn0036285	0.457406815668267	3.78214624410588	0.00074291120619308	0.00958976217374302
FBgn0027843	-0.521171983421478	7.31798784470258	0.000763081653983773	0.00983687225014345
FBgn0015766	-0.186460433466856	10.4571455680316	0.000771178517212441	0.00992788687884511
FBgn0261800	-0.349769392439736	5.3871161436058	0.000793529926944039	0.0101799062956902
FBgn0032181	-0.926490661117126	1.33613878002285	0.000793915563325923	0.0101799062956902
FBgn0003701	0.527773530241315	0.694564641274459	0.000793943412286553	0.0101799062956902
FBgn0038320	-0.139353276332682	6.42658673355873	0.000798837312519499	0.0102289622718072
FBgn0027106	0.866751393178826	1.09448747949294	0.000815619644435535	0.0104299131567471
FBgn0034513	0.72390122736973	0.0492649640160788	0.000821882066825733	0.0104959819147425
FBgn0031800	-0.353260002349178	4.3345517276047	0.000825856493900475	0.0105326944055643
FBgn0003254	0.823797319992137	0.691212819196223	0.000829172014408097	0.0105609169601074
FBgn0034439	-0.403154085074703	2.68075055683429	0.000848692522526381	0.010795188553463
FBgn0039668	0.165936762643323	6.17133182379362	0.000851533571183227	0.0108169609347387
FBgn0003429	-0.238023921335776	8.8903256490159	0.00086753617141906	0.0110056443044394
FBgn0038986	0.544648312458385	2.21526537527327	0.000870122870364578	0.0110238582703068
FBgn0029856	0.702665535607899	0.936526177619897	0.000873859819925241	0.0110565777480105
FBgn0020762	-0.152216733916221	6.93177087224603	0.000875263186119328	0.0110597240061358
FBgn0033268	-0.392240477199015	8.15478152718365	0.000878535266882068	0.011086443723579
FBgn0031306	0.236052335372963	9.50594679069341	0.000884244718544579	0.0111438104134473
FBgn0032140	-0.35989058452053	6.25634760067669	0.000893389785408151	0.0112442672334287
FBgn0051637	-0.163994056877248	6.45188565285602	0.000907013088188224	0.0114007498145234
FBgn0025574	-0.21899113336642	6.82056385152954	0.000914250740133048	0.0114766626330201
FBgn0031945	0.281274503699088	3.29008456803449	0.000919069906503593	0.0115220570215856
FBgn0026570	-0.233441250852137	3.79641249334033	0.000941649128416727	0.0117896932705561
FBgn0003292	-0.187350493314526	3.7036176250504	0.000948687104107645	0.0118623042860875
FBgn0032195	-0.266831059637372	3.61490742733651	0.000953629713843449	0.0119085598424936
FBgn0015625	0.57620783233342	1.36850751117055	0.000961306829255802	0.0119887979304845
FBgn0259211	-0.235622606602193	6.09507309904299	0.000972465732905021	0.012112193484739
FBgn0032884	0.140532585013043	5.86621618242011	0.000974750342224046	0.0121248815296388
FBgn0027513	0.495479907610379	1.00011706247196	0.000980136807763107	0.0121610163115324
FBgn0035878	0.221941220438749	4.3473491340109	0.000980194674514828	0.0121610163115324
FBgn0051997	-0.284042781377523	6.32815920157035	0.00098174842727845	0.0121645361403273
FBgn0052282	-0.659893815526651	3.75704058858452	0.00101611705397476	0.0125741203397549
FBgn0039915	-0.293763752676674	6.43581717192505	0.00102021682787774	0.0126085635837587
FBgn0030357	0.275271615235395	3.74613882275088	0.00102496061671713	0.0126508669934493
FBgn0030803	0.292719511609595	2.3352185071914	0.00102688052440623	0.0126582518182276
FBgn0028983	-0.403698096013716	5.00978660237376	0.00103030529341376	0.0126841440878111
FBgn0025700	0.268210336380546	6.2876805535077	0.00103923478515582	0.0127776518257027
FBgn0267541	-0.57852790268093	1.1073093312192	0.00104251055716687	0.0128014950212106
FBgn0030629	0.227662168943499	3.83825288702566	0.00105123033703004	0.0128920411883146
FBgn0050460	0.247416460680834	6.41823004525142	0.00106511738577533	0.013029819117238
FBgn0023167	0.208651361734572	3.67568450210857	0.00106518567224863	0.013029819117238
FBgn0264307	0.407991948393159	6.54680181973587	0.00106924868732289	0.0130628366418095
FBgn0021738	0.430006004116136	4.79126983011566	0.00107734085664655	0.0131449308598225
FBgn0265575	-0.19505046797281	6.0977679833432	0.00108285301070783	0.0131953767640707
FBgn0051776	0.787292678114988	0.408038134557821	0.0010859972675739	0.0132038661277908
FBgn0031392	0.194826848675828	5.15400735874244	0.00108630679773431	0.0132038661277908
FBgn0034062	0.334542857323255	3.22390174934641	0.00109674906597351	0.0133138942381423
FBgn0034381	-0.154491154736944	5.95309181981223	0.0011118780408912	0.0134804656653872
FBgn0030625	0.212640909133865	3.98186720490289	0.00112208990248983	0.0135870759621334
FBgn0035452	-0.331987518513395	2.5664723785185	0.00112950538970206	0.0136595992709171
FBgn0036260	-0.225793163076516	4.8930511816478	0.00114829610383029	0.0138693317559729
FBgn0038476	-0.158925017654802	6.18720192240017	0.00115539257888944	0.0139374686657469
FBgn0010414	-0.251152848040662	4.68094799114613	0.00116292902198848	0.0140107348083091
FBgn0010520	0.221548038038015	3.28271434491511	0.00116533761854968	0.0140221152141569
FBgn0015075	0.177117346942142	4.36563118643465	0.00121794654904619	0.0146367528817621
FBgn0032262	0.42809748369866	4.66015586089412	0.00122269079262302	0.0146753538994277
FBgn0036360	0.319656382170449	4.12520002972459	0.00123497884167364	0.0147847292664448
FBgn0029157	0.180372174842075	6.28703200734053	0.00123610782763072	0.0147847292664448
FBgn0029723	-0.198535722550252	4.79433359064872	0.00123781854471929	0.0147847292664448
FBgn0003969	-0.182174938515618	6.31685791435129	0.00123797795695225	0.0147847292664448
FBgn0035890	0.298403283199451	3.00147628969911	0.00124084124136524	0.0148004699997463
FBgn0265991	0.376236016576665	8.30345420006249	0.00124242810604978	0.0148009656713243
FBgn0028862	-0.272052909582701	5.8271907497796	0.00124627029453863	0.0148282942622248
FBgn0030241	0.942049529248546	0.973305387758143	0.00124786170770541	0.0148288082337499
FBgn0036550	-0.205107954575766	3.89478266556583	0.00126159223045365	0.0149719098803333
FBgn0036773	-0.160477269543691	4.86414625134851	0.00126303019245242	0.0149719098803333
FBgn0036058	-0.158811141509625	7.16969808839564	0.00126848991966625	0.0150180425841327
FBgn0029868	0.16693449862225	6.91271249523074	0.00130240709149441	0.0154005618794241
FBgn0024913	-0.207445410882939	6.75345309326066	0.00130615199395754	0.0154257999976884
FBgn0030593	-0.290521273675694	8.61699482353052	0.00130885266505082	0.015438658652533
FBgn0262983	-0.261620284885173	3.32087733344558	0.00132219880264979	0.0155769005310944
FBgn0263346	-0.293545182426038	8.3959217100881	0.00132659234666708	0.0156094612977608
FBgn0032075	0.29998308789203	5.23849445830374	0.00133271935656934	0.0156623141070198
FBgn0020764	0.253507207113151	6.60708034494376	0.00133701919953538	0.0156789480452892
FBgn0035975	-0.203750253768068	5.84818436349076	0.00133838631609624	0.0156789480452892
FBgn0035942	0.399083902713625	2.8663110145915	0.00133904567770375	0.0156789480452892
FBgn0011293	-0.614107304307405	3.6671373304284	0.00134495614733862	0.01572892549354
FBgn0013812	-0.562989533229666	2.20009244869306	0.00134810067578774	0.0157464735032866
FBgn0031711	0.196436152631448	4.24705807849122	0.00135827365691995	0.0158459745261624
FBgn0039807	-0.226534149546071	4.46163517976404	0.00136130069072218	0.0158619683889746
FBgn0015359	0.160682643280825	4.16716123538807	0.00137018766321153	0.0159461208241069
FBgn0031895	0.208162699082368	3.95309661816967	0.0013722054808645	0.0159502234171361
FBgn0033139	0.48154958177551	3.00259007281191	0.00139355089455427	0.0161787035976253
FBgn0035132	-0.177847705329753	5.59160458701348	0.00139916876369881	0.0162242595868126
FBgn0035483	0.259156532981683	3.82776564399083	0.0014040070861394	0.0162606769903787
FBgn0037225	-0.217995818755931	4.69779767301092	0.00140880099567937	0.0162733237050538
FBgn0052066	-0.148383826923711	5.54702780591465	0.00140950614129238	0.0162733237050538
FBgn0027280	-0.148085884469532	7.09402221618832	0.00141019614483135	0.0162733237050538
FBgn0261112	0.228078217240458	4.64248536327806	0.0014308848390108	0.016492196134832
FBgn0058006	-0.296139416375573	5.69043366275205	0.00145396814413345	0.0167381092361901
FBgn0040207	-0.143916217586004	5.12785643227446	0.0014692818822736	0.016894095880452
FBgn0031629	-0.375786729206834	6.32719403338383	0.00151280474996142	0.0173644937988422
FBgn0040236	-0.270411300668728	6.77076762996668	0.00151381836730353	0.0173644937988422
FBgn0052022	0.21369457312657	3.34317626714587	0.00152358566617709	0.0174556262089045
FBgn0260799	-0.153686348677831	7.7130568015217	0.00154183142630855	0.0176435620085822
FBgn0038397	-0.761430586931437	3.25347311944412	0.00154987703755181	0.0177144657108248
FBgn0032018	-0.207163386168032	5.69154658178776	0.00155513310838452	0.0177533550799845
FBgn0038894	-0.424007634192908	1.21564745482231	0.00157796146951469	0.0179925178035853
FBgn0034440	-0.790558690601553	1.61524855512224	0.00158482479711266	0.0180492888308502
FBgn0002526	-0.362467103094455	5.53653915765929	0.0016039753265886	0.0182456955796503
FBgn0039304	0.216954734707214	3.90393211183225	0.00162268183352638	0.0184166079075718
FBgn0024740	-0.379471855756322	3.24039421513662	0.00162354457452323	0.0184166079075718
FBgn0030025	0.234092444498348	3.37952264257109	0.00162476860324684	0.0184166079075718
FBgn0035593	0.180004224323761	4.33018462643936	0.0016532152667537	0.0187168981382588
FBgn0030660	0.454711954096314	2.41614413334164	0.00166333706789158	0.0188092590746937
FBgn0050404	0.137210119099187	6.01815287821831	0.00166757483980436	0.018834943178828
FBgn0035868	0.532009848325073	1.25766530808396	0.00170136501750614	0.019181085426815
FBgn0003495	-0.233368138935863	5.82990415042882	0.00170222620722414	0.019181085426815
FBgn0034156	0.696247703933844	0.663420173022264	0.001710502263663	0.0192516929275725
FBgn0037375	0.217883652736223	5.58151046838889	0.00172004173501981	0.0193363377206804
FBgn0002938	-0.25561500674538	11.5258720461901	0.00173647891637561	0.0194982357104872
FBgn0038583	0.166992391163361	3.79296108127019	0.00174595607636867	0.0195816947300458
FBgn0036454	-0.23469430387159	8.27384367957255	0.00176984615022909	0.0198264168735605
FBgn0053116	-0.240385220193422	5.3466908100338	0.00177579716387078	0.0198698425648999
FBgn0036155	0.251018035121852	3.52319716755569	0.00180035535781754	0.0201211244074404
FBgn0030234	-0.406770072668052	5.16228347096166	0.00181069734495045	0.0202131225756823
FBgn0037758	-0.201124686126096	6.71211984097934	0.00183350164489165	0.0204438635096301
FBgn0038704	-0.210300270937453	5.83343020674788	0.00184369354208201	0.0205294856419812
FBgn0015924	-0.203263906337973	7.72546772483175	0.00184546743973124	0.0205294856419812
FBgn0264344	0.688399985394001	0.518064316779876	0.00189700460165723	0.0210783179520568
FBgn0040022	-0.227354743619506	6.84656854025774	0.00190133722123664	0.0211019790324503
FBgn0010424	0.324410949986937	3.16249481043367	0.00191885546727529	0.0212717565573642
FBgn0050094	0.245073373178025	2.6669448839098	0.00192121013824817	0.0212732378082555
FBgn0030981	0.978894588012787	0.328573428296448	0.00196218939399413	0.0217019053298796
FBgn0267142	0.620049683266581	1.26353725911619	0.00197983641957484	0.0218718260976791
FBgn0050163	-0.443087693517912	1.27171277984126	0.00201633245974412	0.0222493459670843
FBgn0027526	0.161119898823338	4.01012138175064	0.00202859489375562	0.0223588974595987
FBgn0039081	-0.18721910197178	6.82161933511884	0.00207458898569423	0.0228395555229648
FBgn0266406	1.20284691830234	5.30745468593989	0.00210033350061695	0.0230964342926626
FBgn0029105	-0.168535058521805	6.3103889760261	0.00210696637344813	0.0231428026661539
FBgn0067102	-0.216701552902838	5.49846672487987	0.00216486250801993	0.023746551276989
FBgn0037482	0.158145562961844	4.95853340619908	0.00216689139863107	0.023746551276989
FBgn0015623	0.309267920569868	8.08717477054583	0.0022070756138146	0.0241592802618472
FBgn0030945	0.278050447560905	4.29970002749125	0.00222452542477396	0.0243224937425627
FBgn0267488	-0.172518471618201	6.67561254879256	0.00222902807372213	0.0243439348803997
FBgn0032505	3.67564974975061	6.31064413106505	0.00224813959549352	0.0245246936738461
FBgn0262955	-0.135549992746169	6.07453464636613	0.00226019539300017	0.0246281586736696
FBgn0037369	0.288411314048008	3.66330321041968	0.00231951943065511	0.025245860348653
FBgn0053301	1.3959429864721	2.24725874074967	0.00232625699003751	0.0252904534058789
FBgn0051216	-0.291147554859131	3.1633111362675	0.00233057624120929	0.0253086839436537
FBgn0033483	-0.168255136914413	5.1734283535281	0.00235997408249089	0.0255989034678344
FBgn0036921	-0.187495097289586	8.01934654524112	0.00236742718921237	0.0256353019377651
FBgn0265535	0.639918653313173	0.0692316222678626	0.00236868262841116	0.0256353019377651
FBgn0032213	-0.295449848376874	7.48224135197586	0.00239355122386333	0.025875207248491
FBgn0033304	-0.319091366481477	5.31302044539539	0.00240290922126655	0.02594708514238
FBgn0036768	-0.375688390617759	2.38799607144446	0.00242540305706456	0.0261604847754103
FBgn0052594	-0.148110093737714	5.35187378657581	0.00243620557652571	0.026246702612605
FBgn0038678	0.239720053639676	3.96279074933046	0.00243887714817483	0.026246702612605
FBgn0040503	-0.684867973826911	3.90131441850925	0.00247230543334179	0.0265765897200311
FBgn0032259	0.2109579375923	5.03173736616031	0.00252266905476543	0.027087583191192
FBgn0031260	0.229348120371385	6.13346962325179	0.00253695615324463	0.0272104882819452
FBgn0264975	-0.179201947248066	7.59299353892772	0.00263148864415517	0.0281628811474465
FBgn0035553	-0.880241873834889	0.634286554564746	0.00263163276539618	0.0281628811474465
FBgn0031630	-0.326386473416533	3.81280006292338	0.00264940639907667	0.0283022617705171
FBgn0030367	-0.19876499510482	5.34286353486837	0.00265056679976549	0.0283022617705171
FBgn0053288	0.451873465443443	1.51878034975219	0.00268752193327025	0.0286649054308045
FBgn0030955	0.607839041736831	2.42572035529849	0.00282847646365817	0.0301347581411769
FBgn0000083	-0.288093909432293	8.39917564045066	0.00285308698284358	0.0303631856907508
FBgn0032482	0.2821687280372	7.84293300198111	0.00286988837676405	0.0305080919785195
FBgn0036587	-0.396336387992593	5.54868819742007	0.00290083168857602	0.0307629296643372
FBgn0030237	-0.15121698786783	7.88663193680995	0.00290215006609557	0.0307629296643372
FBgn0002940	0.169018847984465	15.2067769166182	0.00290349638928386	0.0307629296643372
FBgn0083068	0.29224331764029	2.88427959716612	0.0029272760639311	0.0309806078898696
FBgn0037710	0.221070936814355	4.19020012391962	0.00295005399866036	0.0311872154516214
FBgn0261975	0.262510705245769	3.5415119522134	0.002978278112149	0.0314508795569604
FBgn0010197	-0.344289672567713	2.3965702933524	0.00305791536230728	0.0322562922248669
FBgn0034438	-0.297239494238162	4.00325747538968	0.00306673337642247	0.0322828420755684
FBgn0037777	0.246331491707353	3.55424749612172	0.00306717334399324	0.0322828420755684
FBgn0035708	0.165743555592011	4.99247485055777	0.00310010450873486	0.0325936344507821
FBgn0243511	0.151655127572539	5.03186596773496	0.00310514703344592	0.0326094512964543
FBgn0037301	0.153006018882338	4.60916773258233	0.00310841814926528	0.0326094512964543
FBgn0030362	-0.315590544464085	8.30744559092422	0.00311930415188973	0.0326859194393537
FBgn0038816	-0.215694750113376	5.72997252527952	0.00312561947595156	0.0326859194393537
FBgn0034140	0.289263904897605	6.8128583253216	0.00312765266959103	0.0326859194393537
FBgn0266282	0.178485294170254	4.81499065381507	0.00312935770786044	0.0326859194393537
FBgn0028487	0.151880466944118	6.43206576310246	0.00315102018656053	0.032874698415823
FBgn0036299	-0.106317793013762	5.84786924996275	0.00315429607894564	0.032874698415823
FBgn0032040	0.550270966749145	0.292556915313278	0.00316376958984358	0.0329375925342628
FBgn0040211	-0.367581630340489	5.08024795380514	0.00320785335468008	0.0333246637865145
FBgn0053099	0.592135756894114	1.28299257835553	0.00320790770632348	0.0333246637865145
FBgn0021796	-0.15689817819853	5.93040151567246	0.00322250259139852	0.0334104477693009
FBgn0038144	-0.419840742626961	1.42979711603025	0.00322314196479787	0.0334104477693009
FBgn0039324	0.596055717803075	5.66213082516003	0.00335751606892797	0.034765717738586
FBgn0260642	0.317194869602445	1.93118479373297	0.00338364250162242	0.0349984102381637
FBgn0265274	-0.191797835889982	6.75882509522069	0.00338745144622569	0.0350000107356523
FBgn0035999	0.262248011972396	3.98300288643948	0.00339713967781848	0.0350622886143808
FBgn0033775	-0.201573628402681	4.70479084733373	0.00340351091214403	0.0350902341404903
FBgn0037895	-0.346010809684752	4.37472056107975	0.00341817772247779	0.0352035550816046
FBgn0038576	0.180440388311699	4.23328378140176	0.00344786932274565	0.035471205556668
FBgn0029994	-0.246671963724977	7.85141998778539	0.00346036310536482	0.0355615427287385
FBgn0032428	0.48023231516049	1.03497619445777	0.00347015444952073	0.0356239435343082
FBgn0027554	0.141382994631751	6.38559740767268	0.00347919759840416	0.0356785381129711
FBgn0038043	0.191399059962216	4.68362151789652	0.00349797122211832	0.0358326934389832
FBgn0031765	0.224739431944175	3.01549596258227	0.00351422540202108	0.0359607381416217
FBgn0036022	-0.439518616000561	7.79376179245467	0.00368820096023124	0.0377007351089593
FBgn0041789	0.152575588344528	6.65714158847957	0.00374625969253306	0.0382533852186371
FBgn0028979	0.285837977388796	3.6909602991796	0.00375471438225556	0.0382768524305944
FBgn0037396	0.478121258879669	3.69754609786393	0.00375655056220075	0.0382768524305944
FBgn0004117	0.161605583854643	7.46070358151153	0.00377765827438697	0.0384510212030589
FBgn0037934	-0.325842487262346	4.30550705457117	0.00381699665473304	0.0388101846698864
FBgn0003515	-0.466477952141572	3.80254369527133	0.00383210151691745	0.0389067676149635
FBgn0033817	-0.314545136220684	3.9317347566987	0.0038346198192238	0.0389067676149635
FBgn0051950	0.308868808573057	2.03898863878948	0.00385483032284104	0.0390570856316913
FBgn0033453	-0.248151253477258	4.35916688511173	0.00385839436099378	0.0390570856316913
FBgn0030358	-0.214008374014009	5.94968026735809	0.00386166841649736	0.0390570856316913
FBgn0010548	-0.125650820986344	7.68333575661597	0.0038717085131143	0.0391173250407266
FBgn0026369	-0.131735894703915	6.52756302125913	0.00390922421625904	0.0394547413522962
FBgn0085404	-0.542940525979328	0.449158696541826	0.0039157234875029	0.0394787363824239
FBgn0262519	-0.12423566835215	7.25157950530178	0.00392593737356108	0.039540092706591
FBgn0029665	0.214298573253704	3.40671522915247	0.00394100656075046	0.039617132625101
FBgn0034070	-0.251216588242681	7.36779905158857	0.00394185919729811	0.039617132625101
FBgn0035936	-0.129238253294217	6.33472470892917	0.00394686821494155	0.0396258949294656
FBgn0039078	0.497815372061492	0.77959597680875	0.00398560130658962	0.0399112472676135
FBgn0037703	-0.144480760295498	3.96873926741224	0.00398740410063583	0.0399112472676135
FBgn0265434	-0.150458220239611	8.0508065805388	0.0039877911500424	0.0399112472676135
FBgn0029866	-0.262316985345031	5.10614201174652	0.00401148665221673	0.0401064918109936
FBgn0050359	-0.158327210460951	6.37692154305772	0.00405165939024052	0.0404658953490341
FBgn0010223	0.413608511416271	1.4327240751663	0.0040893167023453	0.0407994535156909
FBgn0004893	-0.124603708007795	4.93498420342325	0.00411627528205706	0.0410256864220005
FBgn0004598	-0.142206009358857	7.64282119978622	0.00413620703304988	0.04118148748706
FBgn0030798	-0.294390402038103	4.97827806828062	0.00414779813333444	0.0412421697676719
FBgn0261832	0.642952726373641	0.65730914155784	0.0041509137247897	0.0412421697676719
FBgn0037739	-0.16658198637286	3.33511226640426	0.00418973316377831	0.0415230862159915
FBgn0033526	0.225323334070856	2.79036792497773	0.00419191462465955	0.0415230862159915
FBgn0267035	-0.327374076906491	3.31340605951652	0.00419219298087949	0.0415230862159915
FBgn0004108	-0.199296867656801	5.3472781866217	0.00420228054659425	0.0415800031769419
FBgn0051370	0.2936819654145	3.06699392053809	0.00420792320851867	0.0415928673799709
FBgn0034066	0.11405609267997	6.29066300298702	0.00422322795979185	0.0417011107205014
FBgn0051155	-0.204047100654801	3.40864302205416	0.00423151508823245	0.0417399088723897
FBgn0029896	0.251356474235983	7.92065755397975	0.00425059265660632	0.04188495521088
FBgn0001280	0.184973654684729	4.15160100756217	0.00426179693701531	0.0419123171117131
FBgn0031571	-0.199686134832115	4.85456455352826	0.00426212120137905	0.0419123171117131
FBgn0036121	-0.274164595678913	3.45040390064011	0.00427494970999181	0.0419953521254375
FBgn0038795	0.298280946873986	4.95937389352327	0.00430761391937044	0.042248246449036
FBgn0037942	0.243653917833768	3.88783042901835	0.00430951522037045	0.042248246449036
FBgn0032172	0.146987681482851	6.26742955952133	0.00433104335135791	0.0424158826373273
FBgn0015776	-0.157559045868336	8.02274557544668	0.00435824883520173	0.0426387204735058
FBgn0038632	-0.460446427510658	0.661154661050034	0.00441417927024841	0.0431418459698359
FBgn0051195	-0.152578856462306	6.05788899832878	0.0044338215091109	0.0432896456822265
FBgn0036106	-0.480649232397209	9.65637305620053	0.00445829630303082	0.043484279012657
FBgn0034253	-0.2651213541731	3.13882531906786	0.00447977656954791	0.0436493387417394
FBgn0034509	-0.289984999056652	6.99709710498672	0.00448447056971984	0.0436506698341226
FBgn0031635	0.17038499175598	5.3660940045904	0.00452585207393388	0.044008742298618
FBgn0268063	-0.237306127320636	8.24670043776267	0.00453618395510327	0.0440644725375042
FBgn0033949	-0.323053757095893	4.06591944981953	0.00454631139766949	0.0441181059441524
FBgn0030658	0.18533567972797	4.6154319554486	0.00457072043865504	0.0442986620000724
FBgn0036850	0.206985346477823	2.63566417267863	0.00457610185503254	0.0442986620000724
FBgn0038196	0.210718185310766	3.81557588059174	0.00457879258509832	0.0442986620000724
FBgn0032857	0.166301860411534	5.27448183530733	0.00461642503187103	0.0446176780577807
FBgn0000064	-0.170552375607461	10.3998416990746	0.00463834183237901	0.0447843125710949
FBgn0029840	-0.177855365364098	5.55670802552514	0.00466911780447079	0.0450360627706155
FBgn0000163	-0.136737589261792	6.53028581136128	0.00470274148190331	0.0453147463920221
FBgn0015773	0.321480458499602	1.89300317870124	0.00472125873555534	0.0454474534363307
FBgn0026439	-0.203777703987012	8.61715911417305	0.0047533314864385	0.045710249977016
FBgn0032774	-0.149073167583817	9.76331985845966	0.00476937196289507	0.0458185001610922
FBgn0027539	0.280124935874938	4.34024235351977	0.00483874152726495	0.0464383430342122
FBgn0002985	0.335889910748931	1.50978293337608	0.00486103065265549	0.0466055571482826
FBgn0021760	0.200697950745057	6.85446676960548	0.00492134903590722	0.0471366810659194
FBgn0033375	-0.178789107631033	3.75072903302846	0.0049310945549331	0.0471806608333619
FBgn0034094	-0.30815345060753	4.34526515355631	0.00493579266600842	0.0471806608333619
FBgn0038672	-0.165417172907058	4.12855540956442	0.00499439835842178	0.047693267673942
FBgn0037238	-0.231928235383428	6.47744634340215	0.00504732154478368	0.0481506431832053
FBgn0030048	-0.209771399051442	3.31635865530633	0.00505986902127859	0.0482223139162252
FBgn0040347	0.276766081824702	1.8455902048288	0.00506973990012302	0.048268358611708
FBgn0005632	-0.179990748245507	7.95717268690859	0.00508938472893288	0.0483999793395193
FBgn0032487	0.241018529498611	2.23328585181184	0.00509367082629311	0.0483999793395193
FBgn0034117	-0.329370329883672	6.52853849517635	0.0051082565181682	0.0484904667304411
FBgn0039486	-0.42948748580044	5.41309639204919	0.00513029454563124	0.0486235892909442
FBgn0036332	-0.304859297711724	1.70170966236408	0.0051324335741433	0.0486235892909442
FBgn0023506	0.16990779350755	3.94999865546803	0.00520181242028951	0.0492321732821471
